230 129 10000 100 16384 2000000000 20342 11938 0 0 6.48117195949 6.44341755973
112 26 10000 100 16384 2000000000 20342 11938 0 0 6.48117195949 6.44341755973
219 37 10000 100 16384 2000000000 20342 11938 0 0 6.48117195949 6.44341755973
49 146 10000 100 16384 2000000000 20342 11938 0 0 6.48117195949 6.44341755973
130 76 10000 100 16384 2000000000 20342 11938 0 0 6.48117195949 6.44341755973
84 181 10000 100 16384 2000000000 20350 11938 0 0 6.47862407862 6.44088452088
40 205 10000 100 16384 2000000000 20576 11938 0 0 6.40746500778 6.3701399689
160 115 10000 100 16384 2000000000 21004 11938 0 0 6.27689963816 6.24033517425
67 141 10000 100 16384 2000000000 21004 11938 0 0 6.27689963816 6.24033517425
77 212 10000 100 16384 2000000000 21004 11938 0 0 6.27689963816 6.24033517425
13 216 10000 100 16384 2000000000 21004 11938 0 0 6.27689963816 6.24033517425
190 28 10000 100 16384 2000000000 21012 11938 0 0 6.27450980392 6.23795926137
189 40 10000 100 16384 2000000000 21238 11938 0 0 6.20774084189 6.17157924475
31 206 10000 100 16384 2000000000 21289 11938 0 0 6.19286955705 6.15679458875
222 51 10000 100 16384 2000000000 21666 11938 0 0 6.08511031109 6.04966306656
243 13 10000 100 16384 2000000000 21666 11938 0 0 6.08511031109 6.04966306656
164 30 10000 100 16384 2000000000 21674 11938 0 0 6.08286426133 6.04743010058
1 72 10000 100 16384 2000000000 22328 11938 0 0 5.90469365819 5.87029738445
88 7 10000 100 16384 2000000000 22328 11938 0 0 5.90469365819 5.87029738445
183 1 10000 100 16384 2000000000 22328 11938 0 0 5.90469365819 5.87029738445
89 162 10000 100 40960 2000000000 22990 13916 1 0 14.3366681166 14.253153545
32 116 10000 100 40960 2000000000 22990 13916 0 0 14.3366681166 14.253153545
235 98 10000 100 40960 2000000000 22990 13916 0 0 14.3366681166 14.253153545
217 49 10000 100 40960 2000000000 22998 13916 0 0 14.3316810157 14.2481954953
232 103 10000 100 16384 2000000000 23224 11938 0 0 5.67688598002 5.6438167413
136 12 10000 100 40960 2000000000 23297 13916 1 0 14.1477443448 14.0653303
150 233 10000 100 40960 2000000000 23652 13916 0 0 13.9353965838 13.8542195163
137 15 10000 100 40960 2000000000 23652 13916 0 0 13.9353965838 13.8542195163
75 178 10000 100 40960 2000000000 23652 13916 1 0 13.9353965838 13.8542195163
58 222 10000 100 40960 2000000000 23652 13916 0 0 13.9353965838 13.8542195163
167 203 10000 100 40960 2000000000 23652 13916 0 0 13.9353965838 13.8542195163
53 3 10000 100 40960 2000000000 23660 13916 0 0 13.9306846999 13.8495350803
148 216 10000 101 40960 2000000000 23668 13916 0 0 13.9259760014 13.8448538111
92 224 10000 100 40960 2000000000 24314 13916 0 0 13.5559759809 13.4770091305
153 21 10000 100 40960 2000000000 25682 13916 0 0 12.8338914415 12.7591309088
27 184 10000 100 40960 2000000000 26308 13916 0 0 12.5285084385 12.4555268359
60 254 10000 100 40960 2000000000 26962 13916 0 0 12.2246124175 12.153401083
142 45 10000 100 40960 2000000000 27995 13916 0 0 11.7735309877 11.704947312
154 19 10000 100 40960 2000000000 28306 13916 0 0 11.64417438 11.576344238
70 241 10000 100 40960 2000000000 28327 13916 0 0 11.6355420623 11.5677622057
10 255 10000 100 40960 2000000000 29000 13916 0 0 11.3655172414 11.2993103448
74 234 10000 100 40960 2000000000 30272 13916 0 0 10.88794926 10.8245243129
231 75 10000 100 204800 2000000000 45980 27100 0 0 35.8416702914 35.6328838625
104 176 10000 100 204800 2000000000 46976 27100 0 0 35.0817438692 34.8773841962
98 197 10000 100 204800 2000000000 47364 27100 0 0 34.7943585846 34.5916730006
0 124 10000 100 204800 2000000000 47365 27100 0 0 34.793623984 34.5909426792
225 56 10000 100 204800 2000000000 47644 27100 2 0 34.5898749055 34.3883804886
195 61 10000 100 204800 2000000000 48644 27100 6 0 33.8787928624 33.681440671
166 46 10000 100 204800 2000000000 48730 27100 0 0 33.8190026678 33.6219987687
110 20 10000 100 204800 2000000000 48762 27100 0 0 33.7968089906 33.5999343751
227 3 10000 101 204800 2000000000 50081 27100 0 0 32.9066911603 32.7150016973
11 189 10000 100 204800 2000000000 50158 27100 0 0 32.8561744886 32.6647792974
99 174 10000 100 204800 2000000000 50309 27100 0 0 32.7575582898 32.5667375619
163 40 10000 101 204800 2000000000 50820 27100 0 0 32.4281778827 32.2392758756
62 109 10000 100 204800 2000000000 51456 27100 3 0 32.0273631841 31.8407960199
205 67 10000 100 204800 2000000000 51933 27100 0 0 31.7331946932 31.5483411318
15 232 10000 101 204800 2000000000 52416 27100 0 0 31.4407814408 31.2576312576
103 232 10000 100 204800 2000000000 54749 27100 0 0 30.1010064111 29.9256607427
244 19 10000 101 204800 2000000000 55302 27100 0 0 29.800007233 29.6264149579
116 234 10000 101 204800 2000000000 58842 27100 2 0 28.0072057374 27.8440569661
196 68 10000 100 204800 2000000000 60253 27100 0 0 27.3513352032 27.192007037
42 249 10000 100 204800 2000000000 60627 27100 0 0 27.1826084088 27.0242631171
35 255 10000 101 204800 2000000000 73302 27100 3 0 22.4823333606 22.3513683119
14 131 10000 100 614400 2000000000 104963 60060 1 0 47.1023122434 46.8279298419
233 172 10000 100 614400 2000000000 105458 60060 0 0 46.8812228565 46.6081283544
4 167 10000 100 614400 2000000000 106923 60060 0 0 46.2388821862 45.9695294745
248 97 10000 100 614400 2000000000 107113 60060 0 0 46.156862379 45.8879874525
87 0 10000 100 614400 2000000000 107896 60060 0 0 45.8219025728 45.5549788685
50 190 10000 100 614400 2000000000 108391 60060 0 0 45.6126431161 45.3469383989
203 2 10000 100 614400 2000000000 111447 60060 0 0 44.3618939945 44.1034751945
86 212 10000 101 614400 2000000000 111895 60060 0 0 44.1842799053 43.9268957505
194 64 10000 100 614400 2000000000 112797 60060 0 0 43.8309529509 43.5756270114
214 109 10000 101 614400 2000000000 113230 60060 7 0 43.6633401042 43.4089905502
210 123 10000 100 614400 2000000000 113253 60060 0 0 43.6544727292 43.4001748298
47 136 10000 100 614400 2000000000 123434 60060 0 0 40.0537939304 39.8204708589
216 103 10000 101 614400 2000000000 126900 60060 0 0 38.9598108747 38.7328605201
79 221 10000 100 614400 2000000000 127344 60060 0 0 38.8239728609 38.5978137957
91 191 10000 100 614400 2000000000 127426 60060 0 0 38.7989892173 38.5729756879
106 251 10000 100 614400 2000000000 155861 60060 0 0 31.7205715349 31.5357915065
6 225 10000 100 1024000 2000000000 156463 93020 0 0 52.6642081514 52.3574263564
145 92 10000 100 1024000 2000000000 158917 93020 0 0 51.8509662277 51.5489217642
226 155 10000 100 1024000 2000000000 160427 93020 0 0 51.3629251934 51.0637236874
170 70 10000 100 1024000 2000000000 161586 93020 0 0 50.9945168517 50.6974614137
123 134 10000 100 1024000 2000000000 161617 93020 0 0 50.9847355167 50.6877370574
64 174 10000 101 1024000 2000000000 161984 93020 0 0 50.8692216515 50.5728960885
177 16 10000 100 1024000 2000000000 164612 93020 0 0 50.0571039778 49.7655091974
19 13 10000 101 1024000 2000000000 165270 93020 0 0 49.8578084347 49.5673745991
133 234 10000 102 1024000 2000000000 165631 93020 1 0 49.7491411632 49.4593403409
211 40 10000 102 1024000 2000000000 165981 93020 0 0 49.6442363885 49.355046662
199 33 10000 100 614400 2000000000 167834 60060 0 0 29.4576784203 29.2860802936
16 245 10000 100 1024000 2000000000 167886 93020 0 0 49.0809239603 48.7950156654
28 209 10000 100 1024000 2000000000 168498 93020 20 0 48.9026575983 48.6177877482
191 68 10000 101 1024000 2000000000 168738 93020 0 0 48.8331022058 48.5486375327
57 252 10000 100 614400 2000000000 174929 60060 0 0 28.2628952318 28.0982570071
204 135 10000 100 1024000 2000000000 175631 93020 0 0 46.9165466233 46.6432463517
2 128 10000 100 1024000 2000000000 176955 93020 34 0 46.5655110056 46.2942556017
44 206 10000 101 1024000 2000000000 181866 93020 34 0 45.3080839739 45.0441533877
151 250 10000 100 614400 2000000000 200492 60060 9 0 24.6593380285 24.5156913992
33 148 10000 100 1024000 2000000000 205692 93020 0 0 40.0598953776 39.8265367637
124 253 10000 100 1024000 2000000000 223448 93020 59 0 36.8765887365 36.6617736565
200 111 10000 100 614400 2000000000 225093 60060 0 0 21.9642547747 21.8363076595
187 159 10000 100 2048000 2000000000 272478 175420 0 0 60.4819471664 60.129625144
221 57 10000 100 2048000 2000000000 274824 175420 0 0 59.9656507437 59.6163362734
37 111 10000 101 1024000 2000000000 275154 93020 0 0 29.9468661186 29.7724183548
38 187 10000 100 2048000 2000000000 275644 175420 0 0 59.7872618305 59.4389865188
212 5 10000 100 2048000 2000000000 279086 175420 0 0 59.0498985976 58.7059186057
30 249 10000 101 2048000 2000000000 280847 175420 0 0 58.6796369554 58.3378138275
174 19 10000 102 2048000 2000000000 293201 175420 0 0 56.2071752825 55.8797548439
172 241 10000 101 1024000 2000000000 303157 93020 0 0 27.1806357762 27.0223019755
165 22 10000 100 1024000 2000000000 322837 93020 0 0 25.5237163027 25.3750344601
173 221 10000 101 2048000 2000000000 328428 175420 0 0 50.1784257128 49.8861242038
213 4 10000 100 614400 2000000000 333098 60060 0 0 14.84247879 14.7560177485
144 33 10000 101 2048000 2000000000 376897 175420 0 0 43.7254740685 43.4707625691
20 250 10000 101 2048000 2000000000 529195 175420 77 0 31.1416396602 30.9602320506
176 63 10000 100 5120000 2000000000 582357 422620 20 0 70.7469816625 70.3348633227
192 14 10000 100 5120000 2000000000 592516 422620 37 0 69.5339872679 69.1289349148
72 188 10000 100 2048000 2000000000 607272 175420 11 0 27.1377570512 26.9796730295
236 52 10000 100 2048000 2000000000 610520 175420 7 0 26.9933826902 26.8361396842
134 4 10000 101 2048000 2000000000 616963 175420 0 0 26.7114883713 26.5558874681
251 140 10000 100 2048000 2000000000 637113 175420 22 0 25.8666829903 25.7160032836
113 30 10000 101 5120000 2000000000 688603 422620 94 0 59.8312815948 59.4827498573
54 189 10000 101 5120000 2000000000 915231 422620 27 0 45.01595772 44.75372884
201 103 10000 102 5120000 2000000000 986980 422620 20 0 41.7435003749 41.5003343533
96 6 10000 100 5120000 2000000000 1265654 422620 55 0 32.5523405291 32.3627152445
115 45 10000 101 5120000 2000000000 1271408 422620 52 0 32.4050186879 32.2162515888
83 217 10000 100 12288000 2000000000 1287128 999420 27 0 76.8221963938 76.3746884537
46 181 10000 101 5120000 2000000000 1299950 422620 46 0 31.6935266741 31.5089041886
140 102 10000 100 5120000 2000000000 1316003 422620 46 0 31.3069195131 31.1245491082
240 24 10000 100 12288000 2000000000 1462013 999420 239 0 67.6327775471 67.2388002022
247 191 10000 101 12288000 2000000000 1466067 999420 112 0 67.445757936 67.0528700257
25 255 10000 102 12288000 2000000000 1767769 999420 240 0 55.9349100476 55.6090756202
129 250 10000 102 5120000 2000000000 1814441 422620 58 0 22.7067179368 22.5744457935
215 31 10000 100 5120000 2000000000 2006693 422620 100 0 20.5312920312 20.4116922718
107 22 10000 101 5120000 2000000000 2029952 422620 43 0 20.296046409 20.1778170124
185 111 10000 102 5120000 2000000000 2143856 422620 92 0 19.2177086521 19.1057608347
241 33 10000 102 12288000 2000000000 2399132 999420 175 0 41.2149060577 40.9748192263
45 1 10000 101 12288000 2000000000 2709268 999420 102 0 36.4969430857 36.2843395338
94 132 10000 100 25600000 2000000000 3041370 2070620 623 0 67.7326336487 67.3380746177
179 254 10000 101 25600000 2000000000 3116334 2070620 713 0 66.1033124177 65.7182445784
102 247 10000 100 25600000 2000000000 3170258 2070620 305 0 64.9789386227 64.6004205336
207 156 10000 100 12288000 2000000000 3370127 999420 156 0 29.3401405941 29.1692271538
184 4 10000 102 12288000 2000000000 3588108 999420 47 0 27.5576989321 27.3971686471
152 201 10000 100 12288000 2000000000 4089336 999420 213 0 24.1799646691 24.039110506
175 89 10000 100 12288000 2000000000 4428907 999420 238 0 22.326050197 22.1959955357
202 185 10000 100 12288000 2000000000 4501474 999420 219 0 21.9661382027 21.8381801161
59 130 10000 100 12288000 2000000000 4523735 999420 236 0 21.858044293 21.7307158797
26 123 10000 101 25600000 2000000000 5412369 2070620 190 0 38.0609673878 37.8392530147
193 21 10000 101 43008000 2000000000 5446346 3471420 356 0 63.5435207385 63.173364307
5 66 10000 100 12288000 2000000000 6222416 999420 337 0 15.8909336824 15.7983651366
68 213 10000 100 25600000 2000000000 6760870 2070620 311 0 30.4694514168 30.2919594668
220 141 10000 101 25600000 2000000000 7117795 2070620 340 0 28.9415472067 28.7729556696
48 154 10000 100 25600000 2000000000 7481145 2070620 366 0 27.5358918989 27.3754886451
198 117 10000 100 25600000 2000000000 7782585 2070620 398 0 26.4693543341 26.3151639205
224 55 10000 100 25600000 2000000000 7882749 2070620 397 0 26.1330152717 25.9807841148
114 244 10000 100 25600000 2000000000 8880309 2070620 414 0 23.1973909917 23.0622605587
43 220 10000 100 25600000 2000000000 9269581 2070620 493 0 22.2232267025 22.093771013
239 46 10000 101 25600000 2000000000 10033421 2070620 547 0 20.531382068 20.4117817841
245 121 10000 100 43008000 2000000000 11561885 3471420 554 0 29.9328353465 29.7584693153
149 48 10000 100 43008000 2000000000 11922595 3471420 579 0 29.0272377784 28.8581470728
52 255 10000 103 25600000 2000000000 11951783 2070620 591 0 17.2359220377 17.1355186084
3 153 10000 100 43008000 2000000000 12624289 3471420 639 0 27.4138210873 27.2541289256
9 62 10000 100 43008000 2000000000 13326989 3471420 689 0 25.9683563932 25.8170844142
126 193 10000 100 128000000 2000000000 14267415 10310620 1050 0 72.1924749508 71.7719362618
76 118 10000 100 43008000 2000000000 14277438 3471420 503 0 24.2396429948 24.0984411909
156 53 10000 100 43008000 2000000000 14394531 3471420 774 0 24.042464461 23.9024112699
169 239 10000 100 43008000 2000000000 14402897 3471420 769 0 24.0284992665 23.8885274261
29 184 10000 101 43008000 2000000000 14766408 3471420 786 0 23.4369793927 23.3004532991
197 18 10000 100 43008000 2000000000 14780187 3471420 792 0 23.415129998 23.2787311825
237 4 10000 103 128000000 2000000000 14814413 10310620 1203 0 69.526885743 69.121874758
65 94 10000 100 43008000 2000000000 16182676 3471420 904 0 21.3858326027 21.2612549371
78 196 10000 100 43008000 2000000000 17310381 3471420 994 0 19.9926275453 19.8761656373
135 41 10000 100 43008000 2000000000 18372615 3471420 1042 0 18.836730645 18.727002117
34 252 10000 101 128000000 2000000000 31278225 10310620 1429 0 32.9302573915 32.7384306494
158 22 10000 102 128000000 2000000000 38262459 10310620 1926 0 26.9193362612 26.7625245936
21 118 10000 101 128000000 2000000000 40244756 10310620 1832 0 25.5933965658 25.4443088188
