164 30 10000 100 16384 2000000000 11342 11938 0 0 11.6240521954 11.55633927
67 141 10000 100 16384 2000000000 11970 11938 0 0 11.0142021721 10.9500417711
243 13 10000 100 16384 2000000000 11984 11938 0 0 11.0013351135 10.9372496662
160 115 10000 100 16384 2000000000 12008 11938 0 0 10.9793471019 10.9153897402
230 129 10000 100 16384 2000000000 12622 11938 0 0 10.4452543179 10.3844081762
232 103 10000 100 16384 2000000000 13289 11938 0 0 9.92098728272 9.86319512379
40 205 10000 100 16384 2000000000 13294 11938 0 0 9.91725590492 9.85948548217
49 146 10000 100 40960 2000000000 13328 13916 0 0 24.7298919568 24.5858343337
88 7 10000 100 16384 2000000000 13332 11938 0 0 9.88898889889 9.83138313831
219 37 10000 100 40960 2000000000 13338 13916 0 0 24.7113510271 24.5674014095
112 26 10000 100 40960 2000000000 13990 13916 0 0 23.5596854896 23.4224446033
31 206 10000 100 40960 2000000000 14016 13916 1 0 23.5159817352 23.3789954338
183 1 10000 100 40960 2000000000 14664 13916 0 0 22.4768139662 22.3458810693
13 216 10000 100 40960 2000000000 15314 13916 0 0 21.5227896043 21.3974141309
222 51 10000 100 40960 2000000000 15319 13916 0 0 21.5157647366 21.3904301847
77 212 10000 100 40960 2000000000 15940 13916 0 0 20.6775407779 20.5570890841
84 181 10000 100 204800 2000000000 26672 27100 0 0 61.7876424715 61.4277144571
190 28 10000 100 204800 2000000000 27984 27100 1 0 58.8907947399 58.5477415666
130 76 10000 100 204800 2000000000 28574 27100 2 0 57.6748092672 57.3388395044
167 203 10000 100 204800 2000000000 28616 27100 2 0 57.5901593514 57.254682695
1 72 10000 100 204800 2000000000 31920 27100 10 0 51.6290726817 51.328320802
136 12 10000 100 204800 2000000000 35218 27100 8 0 46.7942529388 46.5216650576
189 40 10000 100 204800 2000000000 43263 27100 0 0 38.092596445 37.8706978249
74 234 10000 100 204800 2000000000 50909 27100 15 0 32.3714863777 32.1829146123
75 178 10000 100 614400 2000000000 62599 60060 0 0 78.9788974265 78.5188261793
60 254 10000 100 614400 2000000000 64199 60060 1 0 77.0105453356 76.5619402171
70 241 10000 100 614400 2000000000 64394 60060 3 0 76.7773395037 76.3300928658
137 15 10000 100 614400 2000000000 65328 60060 2 0 75.6796473181 75.2387950037
58 222 10000 100 614400 2000000000 67816 60060 7 0 72.9031496992 72.4784711572
27 184 10000 100 1024000 2000000000 98277 93020 0 0 83.8446432024 83.3562278051
89 162 10000 100 1024000 2000000000 98325 93020 0 0 83.803712179 83.3155352148
217 49 10000 100 1024000 2000000000 98416 93020 0 0 83.7262233783 83.2384978052
142 45 10000 100 1024000 2000000000 103533 93020 4 0 79.588150638 79.124530343
153 21 10000 100 1024000 2000000000 104894 93020 7 0 78.5554941179 78.0978892978
150 233 10000 100 1024000 2000000000 105058 93020 11 0 78.4328656552 77.9759751756
154 19 10000 100 614400 2000000000 118590 60060 1 0 41.6898558057 41.4470022768
148 216 10000 101 614400 2000000000 129205 60060 70 0 38.2647730351 38.0418714446
53 3 10000 100 1024000 2000000000 170172 93020 2 0 48.4215969725 48.1395294173
10 255 10000 100 1024000 2000000000 182499 93020 7 0 45.1509323339 44.8879171941
166 46 10000 100 2048000 2000000000 191873 175420 4 0 85.8901460862 85.3898151381
32 116 10000 100 2048000 2000000000 192670 175420 0 0 85.5348523382 85.0365910624
235 98 10000 100 2048000 2000000000 194010 175420 1 0 84.9440750477 84.449255193
196 68 10000 100 2048000 2000000000 210087 175420 17 0 78.4436923751 77.9867388272
35 255 10000 101 2048000 2000000000 297134 175420 1 0 55.4631916913 55.1401051377
62 109 10000 100 5120000 2000000000 467862 422620 2 0 88.06015449 87.5471827163
195 61 10000 100 5120000 2000000000 473068 422620 14 0 87.0910735877 86.5837469455
205 67 10000 100 5120000 2000000000 480370 422620 14 0 85.7672211004 85.2676062202
92 224 10000 100 614400 2000000000 692327 60060 224 0 7.14113417504 7.09953533518
0 124 10000 100 12288000 2000000000 1160278 999420 82 0 85.2209556675 84.7245229161
225 56 10000 100 12288000 2000000000 1178169 999420 86 0 83.9268390189 83.437944811
104 176 10000 100 5120000 2000000000 2105078 422620 332 0 19.5717213329 19.4577113057
116 234 10000 101 12288000 2000000000 2147800 999420 326 0 46.0378061272 45.7696247323
99 174 10000 100 25600000 2000000000 2411210 2070620 168 0 85.4342840317 84.9366085907
11 189 10000 100 25600000 2000000000 2436888 2070620 218 0 84.5340450607 84.0416137303
42 249 10000 100 25600000 2000000000 2448411 2070620 223 0 84.1362009891 83.646087197
244 19 10000 101 25600000 2000000000 2526497 2070620 212 0 81.5358181704 81.0608522393
110 20 10000 100 25600000 2000000000 2535962 2070620 260 0 81.2315011029 80.7583078926
103 232 10000 100 5120000 2000000000 2573636 422620 958 0 16.0084798316 15.9152265511
15 232 10000 101 12288000 2000000000 2598130 999420 271 0 38.0581418174 37.8364439039
98 197 10000 100 12288000 2000000000 2915576 999420 659 0 33.914396332 33.7168367417
163 40 10000 101 43008000 2000000000 4039877 3471420 270 0 85.6659744839 85.1669493898
231 75 10000 100 43008000 2000000000 4168454 3471420 458 0 83.0235862025 82.5399536615
57 252 10000 100 43008000 2000000000 4207389 3471420 520 0 82.2552894444 81.7761324185
227 3 10000 101 43008000 2000000000 4275156 3471420 429 0 80.9514319477 80.4798702082
106 251 10000 100 43008000 2000000000 5919278 3471420 1019 0 58.4665900132 58.1260079354
86 212 10000 101 128000000 2000000000 12169283 10310620 882 0 84.6393333116 84.1462886515
79 221 10000 100 128000000 2000000000 12366138 10310620 1347 0 83.2919703791 82.8067744352
213 4 10000 100 128000000 2000000000 12421540 10310620 1341 0 82.920475239 82.4374433444
