49 146 10000 100 16384 2000000000 11968 11938 0 0 11.0160427807 10.9518716578
130 76 10000 100 16384 2000000000 11970 11938 0 0 11.0142021721 10.9500417711
84 181 10000 100 16384 2000000000 11977 11938 0 0 11.0077648827 10.9436419805
112 26 10000 100 16384 2000000000 11989 11938 0 0 10.9967470181 10.9326882976
230 129 10000 100 16384 2000000000 11993 11938 0 0 10.9930792963 10.9290419411
67 141 10000 100 16384 2000000000 12630 11938 0 0 10.4386381631 10.3778305622
219 37 10000 100 16384 2000000000 12638 11938 0 0 10.4320303846 10.3712612755
164 30 10000 100 16384 2000000000 12677 11938 0 0 10.3999368936 10.3393547369
31 206 10000 100 16384 2000000000 13276 11938 0 0 9.93070201868 9.87285326906
222 51 10000 100 16384 2000000000 13292 11938 0 0 9.91874811917 9.86096900391
40 205 10000 100 16384 2000000000 13294 11938 0 0 9.91725590492 9.85948548217
77 212 10000 100 16384 2000000000 13305 11938 0 0 9.90905674558 9.85133408493
160 115 10000 100 16384 2000000000 13309 11938 0 0 9.90607859343 9.84837328124
88 7 10000 100 16384 2000000000 13328 11938 0 0 9.89195678271 9.83433373349
13 216 10000 100 16384 2000000000 13951 11938 0 0 9.45021862232 9.3951688051
243 13 10000 100 16384 2000000000 13954 11938 0 0 9.44818689981 9.39314891787
183 1 10000 100 16384 2000000000 13975 11938 0 0 9.43398926655 9.37903398927
1 72 10000 100 16384 2000000000 14613 11938 0 0 9.02210360638 8.96954766304
58 222 10000 100 40960 2000000000 14652 13916 2 0 22.4952224952 22.3641823642
217 49 10000 100 40960 2000000000 14652 13916 2 0 22.4952224952 22.3641823642
190 28 10000 100 40960 2000000000 14652 13916 2 0 22.4952224952 22.3641823642
75 178 10000 100 40960 2000000000 14652 13916 2 0 22.4952224952 22.3641823642
89 162 10000 100 40960 2000000000 14657 13916 1 0 22.4875486116 22.3565531828
53 3 10000 100 40960 2000000000 14677 13916 0 0 22.4569053621 22.3260884377
153 21 10000 100 40960 2000000000 14682 13916 0 0 22.4492575943 22.31848522
148 216 10000 101 40960 2000000000 14703 13916 0 0 22.41719377 22.2866081752
232 103 10000 100 16384 2000000000 15275 11938 0 0 8.63109656301 8.58081833061
137 15 10000 100 40960 2000000000 15302 13916 0 0 21.5396680173 21.414194223
136 12 10000 100 40960 2000000000 15306 13916 1 0 21.534038939 21.4085979355
167 203 10000 100 40960 2000000000 15338 13916 3 0 21.4891120094 21.3639327161
92 224 10000 100 40960 2000000000 15976 13916 1 0 20.6309464196 20.5107661492
154 19 10000 100 40960 2000000000 17300 13916 1 0 19.0520231214 18.9410404624
60 254 10000 100 40960 2000000000 17962 13916 1 0 18.3498496827 18.2429573544
27 184 10000 100 40960 2000000000 17975 13916 3 0 18.3365785814 18.2297635605
70 241 10000 100 40960 2000000000 19239 13916 1 0 17.1318675607 17.0320702739
10 255 10000 100 40960 2000000000 20598 13916 2 0 16.0015535489 15.9083406156
189 40 10000 100 40960 2000000000 20610 13916 0 0 15.9922367783 15.8990781174
74 234 10000 100 40960 2000000000 20730 13916 1 0 15.8996623251 15.8070429329
235 98 10000 100 204800 2000000000 29372 27100 3 0 56.1078578238 55.7810159335
0 124 10000 100 204800 2000000000 31489 27100 6 0 52.3357362889 52.0308679221
195 61 10000 100 204800 2000000000 31961 27100 12 0 51.5628422139 51.2624761428
225 56 10000 100 204800 2000000000 32786 27100 5 0 50.2653571646 49.9725492588
150 233 10000 100 204800 2000000000 34512 27100 10 0 47.7515067223 47.4733426055
98 197 10000 100 204800 2000000000 39154 27100 12 0 42.090207897 41.84502222
32 116 10000 100 204800 2000000000 40031 27100 15 0 41.1680947266 40.9282805825
166 46 10000 100 204800 2000000000 40267 27100 1 0 40.9268135198 40.6884048973
11 189 10000 100 204800 2000000000 44450 27100 9 0 37.0753655793 36.8593925759
62 109 10000 100 204800 2000000000 44658 27100 4 0 36.9026826101 36.6877155269
15 232 10000 101 204800 2000000000 46454 27100 8 0 35.4759547079 35.269298661
103 232 10000 100 204800 2000000000 50050 27100 14 0 32.9270729271 32.7352647353
244 19 10000 101 204800 2000000000 50834 27100 17 0 32.4192469607 32.2303969784
116 234 10000 101 204800 2000000000 51728 27100 5 0 31.8589545314 31.6733683885
104 176 10000 100 204800 2000000000 52146 27100 12 0 31.6035745791 31.4194760864
142 45 10000 100 204800 2000000000 56903 27100 29 0 28.961566174 28.7928580215
196 68 10000 100 204800 2000000000 61850 27100 37 0 26.645109135 26.489894907
14 131 10000 100 614400 2000000000 66387 60060 6 0 74.4724117674 74.038591893
4 167 10000 100 614400 2000000000 66554 60060 1 0 74.2855425669 73.852811251
35 255 10000 101 204800 2000000000 83500 27100 2 0 19.7365269461 19.6215568862
214 109 10000 101 614400 2000000000 85472 60060 8 0 57.8435043055 57.5065518532
163 40 10000 101 614400 2000000000 107358 60060 3 0 46.0515285307 45.7832671995
99 174 10000 100 614400 2000000000 113334 60060 2 0 43.6232728043 43.369156652
64 174 10000 101 1024000 2000000000 157022 93020 3 0 52.476723007 52.1710333584
205 67 10000 100 204800 2000000000 172886 27100 34 0 9.53229295605 9.47676503592
210 123 10000 100 1024000 2000000000 201347 93020 2 0 40.9243743388 40.6859799252
226 155 10000 100 2048000 2000000000 210741 175420 30 0 78.2002552897 77.744719822
216 103 10000 101 614400 2000000000 213160 60060 123 0 23.1938449991 23.0587352224
123 134 10000 100 1024000 2000000000 241060 93020 94 0 34.1823612379 33.983240687
91 191 10000 100 1024000 2000000000 245666 93020 54 0 33.5414750108 33.3460877777
227 3 10000 101 614400 2000000000 295466 60060 131 0 16.7328897403 16.6354165962
133 234 10000 102 2048000 2000000000 331294 175420 63 0 49.7443358467 49.4545630165
213 4 10000 100 614400 2000000000 355582 60060 120 0 13.9039658925 13.8229719165
50 190 10000 100 1024000 2000000000 359843 93020 142 0 22.8988753429 22.765483836
231 75 10000 100 614400 2000000000 362880 60060 219 0 13.6243386243 13.544973545
221 57 10000 100 2048000 2000000000 369546 175420 84 0 44.59526013 44.3354819156
233 172 10000 100 1024000 2000000000 377302 93020 169 0 21.8392693386 21.7120502939
200 111 10000 100 1024000 2000000000 382066 93020 20 0 21.5669544005 21.4413216565
248 97 10000 100 614400 2000000000 406591 60060 155 0 12.1596395395 12.0888066878
79 221 10000 100 614400 2000000000 440366 60060 249 0 11.227024793 11.1616246486
187 159 10000 100 5120000 2000000000 506483 422620 47 0 81.3452771366 80.8714211533
6 225 10000 100 2048000 2000000000 538974 175420 29 0 30.5766140853 30.3984978867
145 92 10000 100 2048000 2000000000 552321 175420 120 0 29.8377211803 29.6639092122
177 16 10000 100 2048000 2000000000 554524 175420 139 0 29.7191825782 29.5460611263
38 187 10000 100 5120000 2000000000 556848 422620 61 0 73.9878746085 73.5568772807
211 40 10000 102 2048000 2000000000 648124 175420 218 0 25.4272330603 25.2791132561
251 140 10000 100 5120000 2000000000 732230 422620 177 0 56.266473649 55.9387077831
236 52 10000 100 5120000 2000000000 803994 422620 162 0 51.2441635137 50.9456538233
87 0 10000 100 614400 2000000000 805084 60060 655 0 6.14097410953 6.10520144482
86 212 10000 101 614400 2000000000 806713 60060 739 0 6.12857360672 6.09287317795
110 20 10000 100 614400 2000000000 813690 60060 371 0 6.07602403864 6.04062972385
165 22 10000 100 1024000 2000000000 836946 93020 134 0 9.84531857491 9.78796720457
16 245 10000 100 1024000 2000000000 840330 93020 331 0 9.8056715814 9.74855116442
19 13 10000 101 1024000 2000000000 877230 93020 240 0 9.39320360681 9.33848591589
170 70 10000 100 1024000 2000000000 909409 93020 440 0 9.06082961572 9.00804808398
191 68 10000 101 1024000 2000000000 930274 93020 204 0 8.85760539368 8.80600769236
28 209 10000 100 1024000 2000000000 952233 93020 207 0 8.65334429704 8.60293646618
106 251 10000 100 614400 2000000000 1116446 60060 559 0 4.42833777899 4.40254163659
30 249 10000 101 5120000 2000000000 1128041 422620 356 0 36.5234951566 36.3107369324
176 63 10000 100 12288000 2000000000 1173711 999420 82 0 84.2456107168 83.7548595864
96 6 10000 100 12288000 2000000000 1181425 999420 92 0 83.6955371691 83.2079903506
140 102 10000 100 12288000 2000000000 1221107 999420 129 0 80.9757048318 80.5040016968
151 250 10000 100 1024000 2000000000 1230205 93020 149 0 6.69807064676 6.6590527595
57 252 10000 100 614400 2000000000 1236393 60060 402 0 3.99872855961 3.97543499518
173 221 10000 101 5120000 2000000000 1264016 422620 378 0 32.5945241199 32.4046531057
42 249 10000 100 614400 2000000000 1281828 60060 425 0 3.85699173368 3.83452382067
72 188 10000 100 5120000 2000000000 1284084 422620 551 0 32.0851283872 31.8982247267
115 45 10000 101 12288000 2000000000 1306938 999420 186 0 75.6577588225 75.2170340139
47 136 10000 100 614400 2000000000 1349797 60060 298 0 3.66277299475 3.64143645304
107 22 10000 101 12288000 2000000000 1370576 999420 83 0 72.1448500484 71.724588786
203 2 10000 100 614400 2000000000 1485696 60060 797 0 3.32773326441 3.30834841044
201 103 10000 102 12288000 2000000000 1505531 999420 243 0 65.6778239704 65.2952347046
54 189 10000 101 12288000 2000000000 1511890 999420 245 0 65.4015834485 65.0206033508
204 135 10000 100 1024000 2000000000 1533986 93020 1994 0 5.37162659894 5.34033557021
46 181 10000 101 12288000 2000000000 1864422 999420 310 0 53.0352034035 52.7262604711
113 30 10000 101 12288000 2000000000 1876278 999420 573 0 52.7000796257 52.3930888706
134 4 10000 101 2048000 2000000000 1916759 175420 406 0 8.59784667765 8.54776213389
185 111 10000 102 12288000 2000000000 1954388 999420 295 0 50.5938431877 50.2991217711
199 33 10000 100 1024000 2000000000 1980714 93020 1768 0 4.16011599857 4.13588231315
194 64 10000 100 1024000 2000000000 2104004 93020 835 0 3.91634236437 3.89352871953
212 5 10000 100 5120000 2000000000 2104079 422620 1364 0 19.5810138308 19.4669496725
144 33 10000 101 5120000 2000000000 2318675 422620 249 0 17.7687688011 17.6652614101
5 66 10000 100 25600000 2000000000 2487269 2070620 280 0 82.8217615385 82.3393046751
152 201 10000 100 25600000 2000000000 2503105 2070620 259 0 82.2977861496 81.8183815701
172 241 10000 101 1024000 2000000000 2504117 93020 1640 0 3.29058107109 3.27141263767
124 253 10000 100 2048000 2000000000 2805774 175420 359 0 5.87360207914 5.8393869214
192 14 10000 100 12288000 2000000000 2843171 999420 586 0 34.7780699789 34.57547928
184 4 10000 102 25600000 2000000000 3097643 2070620 237 0 66.5021760093 66.1147846927
175 89 10000 100 25600000 2000000000 3221689 2070620 500 0 63.9416157177 63.5691402864
247 191 10000 101 25600000 2000000000 3873581 2070620 899 0 53.1807647755 52.8709739128
44 206 10000 101 1024000 2000000000 4005174 93020 454 0 2.05733883222 2.04535433417
33 148 10000 100 2048000 2000000000 4038551 175420 3370 0 4.08067150817 4.05690060618
37 111 10000 101 2048000 2000000000 4155197 175420 1319 0 3.96611761127 3.94301401354
202 185 10000 100 25600000 2000000000 4235275 2070620 1190 0 48.6391084404 48.3557738281
198 117 10000 100 43008000 2000000000 4360063 3471420 452 0 79.3749998567 78.9126212167
241 33 10000 102 25600000 2000000000 4415404 2070620 498 0 46.6548474386 46.3830716283
220 141 10000 101 43008000 2000000000 4544703 3471420 530 0 76.1501906725 75.7065973288
224 55 10000 100 43008000 2000000000 4545132 3471420 682 0 76.1430031075 75.6994516331
83 217 10000 100 25600000 2000000000 4554577 2070620 1083 0 45.2292276539 44.9657564248
2 128 10000 100 2048000 2000000000 4644720 175420 1007 0 3.54811484869 3.5274462185
207 156 10000 100 25600000 2000000000 4660205 2070620 498 0 44.2040639843 43.9465645825
240 24 10000 100 43008000 2000000000 4697525 3471420 952 0 73.6728383564 73.2436761912
26 123 10000 101 43008000 2000000000 4702168 3471420 531 0 73.6000925531 73.1713541498
239 46 10000 101 43008000 2000000000 4915816 3471420 983 0 70.4013331663 69.9912283129
43 220 10000 100 43008000 2000000000 5900415 3471420 1556 0 58.653501491 58.3118306085
45 1 10000 101 25600000 2000000000 6433820 2070620 886 0 32.0183032786 31.8317888906
129 250 10000 102 12288000 2000000000 9972194 999420 2716 0 9.91557123738 9.85781062823
114 244 10000 100 43008000 2000000000 10405679 3471420 2511 0 33.2587618742 33.0650215137
174 19 10000 102 5120000 2000000000 10577528 422620 14047 0 3.89504995874 3.87236034733
215 31 10000 100 5120000 2000000000 11116295 422620 1315 0 3.70627083934 3.68468091212
52 255 10000 103 43008000 2000000000 12214581 3471420 5053 0 28.3333501166 28.1683014751
25 255 10000 102 25600000 2000000000 12305581 2070620 1910 0 16.7403717061 16.6428549778
48 154 10000 100 128000000 2000000000 12309913 10310620 1256 0 83.6724028838 83.1849908281
245 121 10000 100 128000000 2000000000 12670989 10310620 1183 0 81.2880509959 80.8145283687
65 94 10000 100 128000000 2000000000 12773962 10310620 1339 0 80.6327747022 80.1630692185
68 213 10000 100 128000000 2000000000 12889398 10310620 1369 0 79.9106366333 79.4451377791
179 254 10000 101 43008000 2000000000 13298551 3471420 2167 0 26.0238878657 25.8722924024
102 247 10000 100 43008000 2000000000 13393495 3471420 9932 0 25.8394093551 25.6888885239
29 184 10000 101 128000000 2000000000 13478671 10310620 1763 0 76.4170295425 75.9718817975
59 130 10000 100 25600000 2000000000 60144156 2070620 87704 0 3.42510417804 3.40515211486
94 132 10000 100 43008000 2000000000 63343392 3471420 19698 0 5.46355332534 5.43172680112
20 250 10000 101 5120000 2000000000 67094902 422620 8748 0 0.614055595461 0.610478572575
