67 141 10000 100 16384 2000000000 20342 11938 0 0 6.48117195949 6.44341755973
230 129 10000 100 16384 2000000000 20342 11938 0 0 6.48117195949 6.44341755973
232 103 10000 100 16384 2000000000 20342 11938 0 0 6.48117195949 6.44341755973
164 30 10000 100 16384 2000000000 20342 11938 0 0 6.48117195949 6.44341755973
40 205 10000 100 16384 2000000000 20350 11938 0 0 6.47862407862 6.44088452088
160 115 10000 100 16384 2000000000 21004 11938 0 0 6.27689963816 6.24033517425
77 212 10000 100 40960 2000000000 22328 13916 0 0 14.7617341455 14.6757434611
219 37 10000 100 40960 2000000000 22336 13916 0 0 14.7564469914 14.670487106
112 26 10000 100 40960 2000000000 22990 13916 0 0 14.3366681166 14.253153545
222 51 10000 100 40960 2000000000 22990 13916 0 0 14.3366681166 14.253153545
243 13 10000 100 40960 2000000000 22998 13916 0 0 14.3316810157 14.2481954953
88 7 10000 100 40960 2000000000 22998 13916 1 0 14.3316810157 14.2481954953
130 76 10000 100 204800 2000000000 44656 27100 1 0 36.9043353637 36.6893586528
49 146 10000 100 204800 2000000000 44656 27100 2 0 36.9043353637 36.6893586528
31 206 10000 100 204800 2000000000 45334 27100 1 0 36.3524065823 36.1406449905
183 1 10000 100 204800 2000000000 46642 27100 0 0 35.3329617083 35.1271386304
1 72 10000 100 204800 2000000000 46642 27100 3 0 35.3329617083 35.1271386304
13 216 10000 100 204800 2000000000 51456 27100 0 0 32.0273631841 31.8407960199
136 12 10000 100 614400 2000000000 103696 60060 1 0 47.6778274958 47.4000925783
190 28 10000 100 614400 2000000000 103876 60060 5 0 47.5952096731 47.3179560245
189 40 10000 100 614400 2000000000 105028 60060 0 0 47.0731614427 46.7989488517
84 181 10000 100 614400 2000000000 105072 60060 2 0 47.0534490635 46.779351302
167 203 10000 100 614400 2000000000 105739 60060 4 0 46.7566366241 46.4842678671
74 234 10000 100 614400 2000000000 105742 60060 2 0 46.7553100944 46.4829490647
154 19 10000 100 1024000 2000000000 150338 93020 0 0 54.8098285197 54.4905479653
58 222 10000 100 1024000 2000000000 153044 93020 0 0 53.840725543 53.5270902486
75 178 10000 100 1024000 2000000000 158764 93020 4 0 51.9009347207 51.5985991787
60 254 10000 100 1024000 2000000000 159109 93020 6 0 51.7883966338 51.4867166534
92 224 10000 100 1024000 2000000000 159720 93020 0 0 51.5902829952 51.2897570749
148 216 10000 101 1024000 2000000000 162736 93020 0 0 50.6341559335 50.3391996854
137 15 10000 100 2048000 2000000000 267094 175420 1 0 61.7011239489 61.3416999259
53 3 10000 100 2048000 2000000000 267094 175420 4 0 61.7011239489 61.3416999259
217 49 10000 100 2048000 2000000000 267326 175420 0 0 61.6475763674 61.2884642721
70 241 10000 100 2048000 2000000000 269593 175420 0 0 61.1291836212 60.7730912895
89 162 10000 100 5120000 2000000000 550136 422620 1 0 74.890572513 74.4543167508
153 21 10000 100 5120000 2000000000 551230 422620 7 0 74.7419407507 74.3065508046
27 184 10000 100 5120000 2000000000 554260 422620 11 0 74.3333453614 73.9003355826
10 255 10000 100 5120000 2000000000 911171 422620 0 0 45.2165400347 44.9531427142
150 233 10000 100 12288000 2000000000 1246145 999420 62 0 79.348711426 78.8864859226
32 116 10000 100 12288000 2000000000 1274598 999420 53 0 77.5774008746 77.1254936851
235 98 10000 100 12288000 2000000000 1344681 999420 94 0 73.5341690706 73.1058146876
142 45 10000 100 12288000 2000000000 1369644 999420 232 0 72.1939423675 71.7733951304
166 46 10000 100 25600000 2000000000 2693758 2070620 321 0 76.4730907528 76.0276164377
205 67 10000 100 25600000 2000000000 2721223 2070620 169 0 75.7012563836 75.2602781911
196 68 10000 100 25600000 2000000000 2748005 2070620 393 0 74.9634735017 74.5267930735
35 255 10000 101 25600000 2000000000 3576470 2070620 443 0 57.598693684 57.263167313
62 109 10000 100 43008000 2000000000 4544453 3471420 500 0 76.1543798561 75.7107621093
195 61 10000 100 43008000 2000000000 4751621 3471420 873 0 72.8340917763 72.4098155135
104 176 10000 100 43008000 2000000000 5190827 3471420 994 0 66.6714571686 66.2830797482
103 232 10000 100 43008000 2000000000 6748253 3471420 195 0 51.2843842695 50.9856402835
225 56 10000 100 128000000 2000000000 13652443 10310620 2169 0 75.4443728496 75.004891066
98 197 10000 100 128000000 2000000000 14351579 10310620 2407 0 71.769106382 71.3510339176
