230 129 10000 100 16384 2000000000 20342 11938 0 0 6.48117195949 6.44341755973
164 30 10000 100 16384 2000000000 20342 11938 0 0 6.48117195949 6.44341755973
112 26 10000 100 16384 2000000000 20342 11938 0 0 6.48117195949 6.44341755973
183 1 10000 100 16384 2000000000 20342 11938 0 0 6.48117195949 6.44341755973
219 37 10000 100 16384 2000000000 20350 11938 0 0 6.47862407862 6.44088452088
67 141 10000 100 16384 2000000000 20574 11938 0 0 6.4080878779 6.37075921065
40 205 10000 100 16384 2000000000 20576 11938 0 0 6.40746500778 6.3701399689
160 115 10000 100 16384 2000000000 21004 11938 0 0 6.27689963816 6.24033517425
222 51 10000 100 16384 2000000000 21004 11938 0 0 6.27689963816 6.24033517425
243 13 10000 100 16384 2000000000 21004 11938 0 0 6.27689963816 6.24033517425
77 212 10000 100 16384 2000000000 21004 11938 0 0 6.27689963816 6.24033517425
232 103 10000 100 16384 2000000000 21238 11938 0 0 6.20774084189 6.17157924475
88 7 10000 100 16384 2000000000 22328 11938 0 0 5.90469365819 5.87029738445
49 146 10000 100 40960 2000000000 22328 13916 0 0 14.7617341455 14.6757434611
84 181 10000 100 40960 2000000000 22344 13916 0 0 14.7511636233 14.6652345149
60 254 10000 100 40960 2000000000 22990 13916 1 0 14.3366681166 14.253153545
75 178 10000 100 40960 2000000000 22990 13916 0 0 14.3366681166 14.253153545
190 28 10000 100 40960 2000000000 22990 13916 0 0 14.3366681166 14.253153545
136 12 10000 100 40960 2000000000 23652 13916 0 0 13.9353965838 13.8542195163
1 72 10000 100 40960 2000000000 23652 13916 0 0 13.9353965838 13.8542195163
167 203 10000 100 40960 2000000000 23660 13916 0 0 13.9306846999 13.8495350803
130 76 10000 100 40960 2000000000 24314 13916 0 0 13.5559759809 13.4770091305
31 206 10000 100 40960 2000000000 25300 13916 1 0 13.0276679842 12.9517786561
13 216 10000 100 40960 2000000000 26305 13916 0 0 12.5299372743 12.4569473484
189 40 10000 100 40960 2000000000 26344 13916 0 0 12.5113877923 12.4385059217
74 234 10000 100 40960 2000000000 29610 13916 1 0 11.1313745356 11.0665315772
89 162 10000 100 204800 2000000000 44278 27100 0 0 37.2193866028 37.002574642
153 21 10000 100 204800 2000000000 45980 27100 3 0 35.8416702914 35.6328838625
137 15 10000 100 204800 2000000000 46254 27100 0 0 35.6293509751 35.4218013577
217 49 10000 100 204800 2000000000 46642 27100 0 0 35.3329617083 35.1271386304
27 184 10000 100 204800 2000000000 46694 27100 0 0 35.2936137405 35.0880198741
92 224 10000 100 204800 2000000000 47333 27100 0 0 34.8171465996 34.6143282699
58 222 10000 100 204800 2000000000 47966 27100 0 0 34.3576700163 34.1575282492
148 216 10000 101 204800 2000000000 48348 27100 0 0 34.086208323 33.8876478862
142 45 10000 100 204800 2000000000 50028 27100 7 0 32.9415527305 32.7496601903
154 19 10000 100 204800 2000000000 51714 27100 0 0 31.8675793789 31.6819429942
10 255 10000 100 204800 2000000000 52780 27100 0 0 31.2239484653 31.0420613869
70 241 10000 100 204800 2000000000 53298 27100 0 0 30.9204848212 30.7403654921
53 3 10000 100 204800 2000000000 53442 27100 2 0 30.8371692676 30.6575352719
32 116 10000 100 614400 2000000000 104139 60060 0 0 47.4750093625 47.1984559099
104 176 10000 100 614400 2000000000 104898 60060 4 0 47.1314991706 46.8569467483
195 61 10000 100 614400 2000000000 105021 60060 3 0 47.0762990259 46.8020681578
166 46 10000 100 614400 2000000000 105682 60060 3 0 46.781854999 46.5093393388
235 98 10000 100 614400 2000000000 106015 60060 0 0 46.6349101542 46.3632504834
225 56 10000 100 614400 2000000000 106259 60060 1 0 46.5278235255 46.2567876603
150 233 10000 100 614400 2000000000 107614 60060 0 0 45.9419778096 45.6743546379
205 67 10000 100 614400 2000000000 107725 60060 0 0 45.8946391274 45.627291715
98 197 10000 100 614400 2000000000 109583 60060 0 0 45.1164870463 44.8536725587
35 255 10000 101 614400 2000000000 111106 60060 3 0 44.4980469102 44.2388349864
62 109 10000 100 614400 2000000000 121072 60060 2 0 40.8352054976 40.5973305141
103 232 10000 100 614400 2000000000 126557 60060 0 0 39.0654013607 38.8378359158
196 68 10000 100 614400 2000000000 130801 60060 0 0 37.797876163 37.5776943601
231 75 10000 100 1024000 2000000000 154747 93020 0 0 53.2482051348 52.9380214156
0 124 10000 100 1024000 2000000000 157430 93020 0 0 52.340722861 52.0358254462
11 189 10000 100 1024000 2000000000 158772 93020 0 0 51.898319603 51.5959992946
110 20 10000 100 1024000 2000000000 159071 93020 1 0 51.8007682104 51.4990161626
42 249 10000 100 1024000 2000000000 159759 93020 0 0 51.5776888939 51.2772363372
57 252 10000 100 1024000 2000000000 164503 93020 0 0 50.0902719099 49.7984839182
244 19 10000 101 1024000 2000000000 164973 93020 0 0 49.9475671777 49.6566104757
227 3 10000 101 1024000 2000000000 171438 93020 2 0 48.0640231454 47.7840385445
15 232 10000 101 1024000 2000000000 182120 93020 0 0 45.2448934768 44.9813309906
99 174 10000 100 1024000 2000000000 190191 93020 0 0 43.3248681589 43.0724902861
163 40 10000 101 1024000 2000000000 199005 93020 0 0 41.4059948243 41.1647948544
106 251 10000 100 1024000 2000000000 216853 93020 57 0 37.9980908726 37.7767427704
116 234 10000 101 1024000 2000000000 250497 93020 6 0 32.8946055242 32.7029864629
248 97 10000 100 2048000 2000000000 269238 175420 0 0 61.2097846515 60.8532227992
79 221 10000 100 2048000 2000000000 269555 175420 0 0 61.1378011909 60.7816586596
86 212 10000 101 2048000 2000000000 269748 175420 4 0 61.094058158 60.7381704406
87 0 10000 100 2048000 2000000000 274851 175420 0 0 59.9597600154 59.61047986
203 2 10000 100 2048000 2000000000 310671 175420 0 0 53.0464703819 52.7374618165
214 109 10000 101 2048000 2000000000 362000 175420 10 0 45.5248618785 45.2596685083
14 131 10000 100 5120000 2000000000 551603 422620 3 0 74.6913994304 74.2563038997
50 190 10000 100 5120000 2000000000 552612 422620 0 0 74.5550223303 74.1207212294
216 103 10000 101 5120000 2000000000 556103 422620 0 0 74.0869946754 73.6554199492
4 167 10000 100 2048000 2000000000 636867 175420 25 0 25.8766744077 25.7259364985
213 4 10000 100 2048000 2000000000 777141 175420 15 0 21.2059330289 21.0824033219
200 111 10000 100 5120000 2000000000 891320 422620 38 0 46.2235785128 45.9543149486
210 123 10000 100 5120000 2000000000 917859 422620 27 0 44.887068711 44.6255906408
91 191 10000 100 5120000 2000000000 1275423 422620 57 0 32.3030084921 32.1148356271
204 135 10000 100 12288000 2000000000 1357542 999420 147 0 72.8375254688 72.413229204
19 13 10000 101 12288000 2000000000 1421110 999420 184 0 69.5794132755 69.174096305
191 68 10000 101 12288000 2000000000 1450677 999420 187 0 68.1612791821 67.7642231868
151 250 10000 100 12288000 2000000000 1543713 999420 209 0 64.0533570683 63.6802307165
233 172 10000 100 5120000 2000000000 1629267 422620 80 0 25.2874452131 25.140139707
47 136 10000 100 5120000 2000000000 2338032 422620 113 0 17.6216578729 17.5190074387
123 134 10000 100 25600000 2000000000 2684788 2070620 96 0 76.7285908608 76.2816281956
44 206 10000 101 25600000 2000000000 2739147 2070620 430 0 75.2058943897 74.7678018011
170 70 10000 100 25600000 2000000000 2742345 2070620 234 0 75.1181926417 74.680610937
28 209 10000 100 25600000 2000000000 2780329 2070620 428 0 74.0919509885 73.6603473905
64 174 10000 101 25600000 2000000000 2873150 2070620 444 0 71.698310217 71.2806501575
194 64 10000 100 12288000 2000000000 3395341 999420 164 0 29.1222590014 28.9526147742
199 33 10000 100 12288000 2000000000 3403691 999420 163 0 29.0508157174 28.8815876647
16 245 10000 100 12288000 2000000000 4081835 999420 220 0 24.2243990754 24.0832860711
2 128 10000 100 43008000 2000000000 4361837 3471420 456 0 79.3427173001 78.8805267139
172 241 10000 101 12288000 2000000000 4471853 999420 224 0 22.1116391796 21.9828335144
124 253 10000 100 43008000 2000000000 4620867 3471420 551 0 74.8950359316 74.4587541689
133 234 10000 102 43008000 2000000000 4815806 3471420 764 0 71.8633599443 71.4447384301
33 148 10000 100 43008000 2000000000 5285863 3471420 409 0 65.4727525099 65.091357835
177 16 10000 100 25600000 2000000000 7443645 2070620 372 0 27.6746137141 27.5134023721
226 155 10000 100 25600000 2000000000 8861705 2070620 481 0 23.2460909046 23.1106767829
165 22 10000 100 25600000 2000000000 10648689 2070620 617 0 19.3451043598 19.2324144315
37 111 10000 101 43008000 2000000000 12020591 3471420 565 0 28.7905977335 28.6228855137
38 187 10000 100 128000000 2000000000 13626821 10310620 2239 0 75.5862280718 75.1459199471
145 92 10000 100 43008000 2000000000 14031251 3471420 739 0 24.6649425629 24.5212632858
221 57 10000 100 128000000 2000000000 14475031 10310620 433 0 71.1570151387 70.7425082544
134 4 10000 101 128000000 2000000000 15497268 10310620 1389 0 66.4633276007 66.0761625856
211 40 10000 102 43008000 2000000000 15917823 3471420 866 0 21.7416665583 21.6150160735
6 225 10000 100 43008000 2000000000 15997868 3471420 859 0 21.6328825816 21.5068657899
