164 30 10000 100 16384 2000000000 11342 11938 0 0 11.6240521954 11.55633927
67 141 10000 100 16384 2000000000 11970 11938 0 0 11.0142021721 10.9500417711
243 13 10000 100 16384 2000000000 11984 11938 0 0 11.0013351135 10.9372496662
160 115 10000 100 16384 2000000000 12008 11938 0 0 10.9793471019 10.9153897402
230 129 10000 100 16384 2000000000 12622 11938 0 0 10.4452543179 10.3844081762
232 103 10000 100 16384 2000000000 13289 11938 0 0 9.92098728272 9.86319512379
40 205 10000 100 16384 2000000000 13294 11938 0 0 9.91725590492 9.85948548217
49 146 10000 100 40960 2000000000 13328 13916 0 0 24.7298919568 24.5858343337
88 7 10000 100 16384 2000000000 13332 11938 0 0 9.88898889889 9.83138313831
219 37 10000 100 40960 2000000000 13338 13916 0 0 24.7113510271 24.5674014095
112 26 10000 100 40960 2000000000 13994 13916 0 0 23.5529512648 23.415749607
183 1 10000 100 40960 2000000000 14664 13916 0 0 22.4768139662 22.3458810693
13 216 10000 100 40960 2000000000 15314 13916 0 0 21.5227896043 21.3974141309
222 51 10000 100 40960 2000000000 15319 13916 0 0 21.5157647366 21.3904301847
77 212 10000 100 40960 2000000000 15940 13916 0 0 20.6775407779 20.5570890841
130 76 10000 100 204800 2000000000 26588 27100 0 0 61.9828494057 61.6217842636
84 181 10000 100 204800 2000000000 26624 27100 0 0 61.8990384615 61.5384615385
189 40 10000 100 204800 2000000000 42738 27100 0 0 38.5605316112 38.3359071552
75 178 10000 100 614400 2000000000 61095 60060 0 0 80.9231524675 80.4517554628
31 206 10000 100 40960 2000000000 75363 13916 2 0 4.37349893184 4.34802223903
136 12 10000 100 204800 2000000000 95858 27100 16 0 17.192096643 17.0919485072
217 49 10000 100 1024000 2000000000 98130 93020 0 0 83.9702435545 83.4810965046
27 184 10000 100 1024000 2000000000 98476 93020 0 0 83.6752102035 83.1877817945
190 28 10000 100 204800 2000000000 98514 27100 16 0 16.7285867998 16.6311387214
89 162 10000 100 1024000 2000000000 98590 93020 0 0 83.5784562329 83.0915914393
167 203 10000 100 204800 2000000000 98609 27100 16 0 16.7124704642 16.6151162673
1 72 10000 100 204800 2000000000 99221 27100 16 0 16.6093871257 16.5126334143
60 254 10000 100 614400 2000000000 131470 60060 16 0 37.605537385 37.3864760021
137 15 10000 100 614400 2000000000 132334 60060 16 0 37.3600132997 37.1423821542
148 216 10000 101 614400 2000000000 134413 60060 16 0 36.7821564878 36.5678914986
150 233 10000 100 1024000 2000000000 165526 93020 16 0 49.7806991047 49.4907144497
154 19 10000 100 614400 2000000000 175123 60060 16 0 28.2315857997 28.0671299601
53 3 10000 100 1024000 2000000000 191928 93020 11 0 42.9327664541 42.6826726689
74 234 10000 100 204800 2000000000 193278 27100 32 0 8.52657829655 8.47690890841
32 116 10000 100 2048000 2000000000 193357 175420 0 0 85.230945867 84.7344549202
70 241 10000 100 614400 2000000000 203527 60060 32 0 24.2916173284 24.1501127615
142 45 10000 100 1024000 2000000000 232234 93020 31 0 35.4814540507 35.2747659688
153 21 10000 100 1024000 2000000000 236314 93020 32 0 34.8688609223 34.6657413441
166 46 10000 100 2048000 2000000000 257992 175420 16 0 63.8779497039 63.5058451425
58 222 10000 100 614400 2000000000 260336 60060 34 0 18.9908426034 18.8802163358
235 98 10000 100 2048000 2000000000 260673 175420 16 0 63.2209703345 62.8526928374
35 255 10000 101 2048000 2000000000 263787 175420 0 0 62.4746481062 62.1107181173
92 224 10000 100 614400 2000000000 354016 60060 57 0 13.9654704872 13.8841182319
10 255 10000 100 1024000 2000000000 363645 93020 48 0 22.6594618378 22.5274649727
195 61 10000 100 5120000 2000000000 464152 422620 0 0 88.7640255778 88.2469535842
196 68 10000 100 2048000 2000000000 467359 175420 64 0 35.26197206 35.056562514
104 176 10000 100 5120000 2000000000 599858 422620 31 0 68.6829216248 68.2828269357
62 109 10000 100 5120000 2000000000 676196 422620 47 0 60.9290797343 60.5741530562
205 67 10000 100 5120000 2000000000 805375 422620 73 0 51.156293652 50.8582958249
225 56 10000 100 12288000 2000000000 1516897 999420 93 0 65.1857047644 64.8059822124
0 124 10000 100 12288000 2000000000 1518260 999420 94 0 65.1271850671 64.7478034065
103 232 10000 100 5120000 2000000000 1528745 422620 152 0 26.9502107938 26.7932192746
98 197 10000 100 12288000 2000000000 1857114 999420 172 0 53.2439042514 52.9337455859
116 234 10000 101 12288000 2000000000 2007484 999420 205 0 49.2556852259 48.9687589042
15 232 10000 101 12288000 2000000000 2292479 999420 163 0 43.1323471229 42.8810907319
99 174 10000 100 25600000 2000000000 2981488 2070620 153 0 69.0930166414 68.6905330493
244 19 10000 101 25600000 2000000000 3052789 2070620 157 0 67.4792787841 67.0861956067
11 189 10000 100 25600000 2000000000 3368645 2070620 270 0 61.1521843352 60.7959580187
42 249 10000 100 25600000 2000000000 3581823 2070620 288 0 57.5126129906 57.1775880606
110 20 10000 100 25600000 2000000000 3763071 2070620 349 0 54.7425227959 54.4236343136
163 40 10000 101 43008000 2000000000 5365058 3471420 334 0 64.506292383 64.130527573
106 251 10000 100 43008000 2000000000 5816298 3471420 451 0 59.501765556 59.1551533295
227 3 10000 101 43008000 2000000000 6120171 3471420 522 0 56.5474396059 56.218037045
57 252 10000 100 43008000 2000000000 6737078 3471420 660 0 51.3694512666 51.0702117446
231 75 10000 100 43008000 2000000000 6900156 3471420 708 0 50.1553877912 49.8632204837
86 212 10000 101 128000000 2000000000 15381744 10310620 907 0 66.9624978806 66.5724250774
79 221 10000 100 128000000 2000000000 17505060 10310620 1387 0 58.8401296539 58.4973716171
213 4 10000 100 128000000 2000000000 18851728 10310620 1732 0 54.6369011902 54.3186279794
