49 146 10000 100 16384 2000000000 11968 11938 0 0 11.0160427807 10.9518716578
230 129 10000 100 16384 2000000000 11989 11938 0 0 10.9967470181 10.9326882976
40 205 10000 100 16384 2000000000 12627 11938 0 0 10.4411182387 10.3802961907
130 76 10000 100 16384 2000000000 12632 11938 0 0 10.4369854338 10.3761874604
219 37 10000 100 16384 2000000000 12638 11938 0 0 10.4320303846 10.3712612755
222 51 10000 100 16384 2000000000 12638 11938 0 0 10.4320303846 10.3712612755
112 26 10000 100 16384 2000000000 12648 11938 0 0 10.4237824162 10.3630613536
164 30 10000 100 16384 2000000000 12677 11938 0 0 10.3999368936 10.3393547369
84 181 10000 100 16384 2000000000 13284 11938 0 0 9.92472146944 9.86690755796
189 40 10000 100 16384 2000000000 13289 11938 0 0 9.92098728272 9.86319512379
136 12 10000 100 16384 2000000000 13289 11938 0 0 9.92098728272 9.86319512379
31 206 10000 100 16384 2000000000 13289 11938 0 0 9.92098728272 9.86319512379
13 216 10000 100 16384 2000000000 13297 11938 0 0 9.91501842521 9.85726103632
183 1 10000 100 16384 2000000000 13305 11938 0 0 9.90905674558 9.85133408493
77 212 10000 100 16384 2000000000 13305 11938 0 0 9.90905674558 9.85133408493
160 115 10000 100 16384 2000000000 13309 11938 0 0 9.90607859343 9.84837328124
167 203 10000 100 16384 2000000000 13951 11938 0 0 9.45021862232 9.3951688051
67 141 10000 100 16384 2000000000 13954 11938 0 0 9.44818689981 9.39314891787
243 13 10000 100 16384 2000000000 13956 11938 0 0 9.44683290341 9.39180280883
190 28 10000 100 16384 2000000000 13966 11938 0 0 9.44006873836 9.38507804668
74 234 10000 100 16384 2000000000 13980 11938 0 0 9.43061516452 9.3756795422
195 61 10000 100 40960 2000000000 14014 13916 0 0 23.5193378051 23.3823319538
88 7 10000 100 16384 2000000000 14616 11938 0 0 9.02025177887 8.96770662288
32 116 10000 100 40960 2000000000 14640 13916 0 0 22.5136612022 22.3825136612
58 222 10000 100 40960 2000000000 14652 13916 0 0 22.4952224952 22.3641823642
217 49 10000 100 40960 2000000000 14652 13916 0 0 22.4952224952 22.3641823642
89 162 10000 100 40960 2000000000 14657 13916 0 0 22.4875486116 22.3565531828
1 72 10000 100 16384 2000000000 15267 11938 0 0 8.63561930962 8.58531473112
235 98 10000 100 40960 2000000000 15270 13916 0 0 21.5848068107 21.459070072
232 103 10000 100 16384 2000000000 15275 11938 0 0 8.63109656301 8.58081833061
137 15 10000 100 40960 2000000000 15302 13916 0 0 21.5396680173 21.414194223
150 233 10000 100 40960 2000000000 15313 13916 0 0 21.5241951283 21.3988114674
75 178 10000 100 40960 2000000000 15314 13916 0 0 21.5227896043 21.3974141309
148 216 10000 101 40960 2000000000 15947 13916 0 0 20.668464288 20.5480654669
166 46 10000 100 40960 2000000000 16005 13916 0 0 20.5935645111 20.4736019994
153 21 10000 100 40960 2000000000 16096 13916 0 0 20.4771371769 20.3578528827
92 224 10000 100 40960 2000000000 16643 13916 0 0 19.804121853 19.6887580364
196 68 10000 100 40960 2000000000 16643 13916 0 0 19.804121853 19.6887580364
142 45 10000 100 40960 2000000000 17373 13916 0 0 18.9719679963 18.8614516779
205 67 10000 100 40960 2000000000 17390 13916 0 0 18.9534215066 18.843013226
27 184 10000 100 40960 2000000000 17975 13916 0 0 18.3365785814 18.2297635605
70 241 10000 100 40960 2000000000 18609 13916 0 0 17.7118598528 17.6086839701
10 255 10000 100 40960 2000000000 18612 13916 0 0 17.709004943 17.605845691
53 3 10000 100 40960 2000000000 18624 13916 0 0 17.6975945017 17.5945017182
60 254 10000 100 40960 2000000000 18649 13916 0 0 17.6738699126 17.5709153306
103 232 10000 100 40960 2000000000 19286 13916 0 0 17.0901171834 16.9905631028
154 19 10000 100 40960 2000000000 23206 13916 0 0 14.2032233043 14.1204860812
35 255 10000 101 40960 2000000000 23920 13916 0 0 13.779264214 13.6989966555
104 176 10000 100 204800 2000000000 29458 27100 0 0 55.9440559441 55.6181682395
231 75 10000 100 204800 2000000000 29978 27100 0 0 54.9736473414 54.6534125025
225 56 10000 100 204800 2000000000 30013 27100 0 0 54.9095391997 54.5896778063
98 197 10000 100 204800 2000000000 30024 27100 0 0 54.8894217959 54.5696775913
4 167 10000 100 204800 2000000000 30143 27100 0 0 54.6727266695 54.3542447666
0 124 10000 100 204800 2000000000 30608 27100 0 0 53.8421327757 53.5284892838
248 97 10000 100 204800 2000000000 31893 27100 0 0 51.672780861 51.3717743706
86 212 10000 101 204800 2000000000 31982 27100 0 0 51.5289850541 51.2288162091
110 20 10000 100 204800 2000000000 33457 27100 0 0 49.2572555818 48.9703201124
227 3 10000 101 204800 2000000000 33898 27100 0 0 48.6164375479 48.3332349991
87 0 10000 100 204800 2000000000 40251 27100 0 0 40.9430821594 40.7045787682
163 40 10000 101 204800 2000000000 40496 27100 0 0 40.6953773212 40.4583168708
57 252 10000 100 204800 2000000000 40884 27100 0 0 40.3091674005 40.0743567166
11 189 10000 100 204800 2000000000 41373 27100 0 0 39.8327411597 39.6007057743
62 109 10000 100 204800 2000000000 41556 27100 0 0 39.6573298681 39.4263162961
106 251 10000 100 204800 2000000000 41583 27100 0 0 39.6315802131 39.400716639
79 221 10000 100 204800 2000000000 42496 27100 0 0 38.7801204819 38.5542168675
214 109 10000 101 204800 2000000000 43321 27100 0 0 38.0415964544 37.8199949216
99 174 10000 100 204800 2000000000 43889 27100 0 0 37.5492720272 37.3305384037
116 234 10000 101 204800 2000000000 45952 27100 0 0 35.8635097493 35.6545961003
15 232 10000 101 204800 2000000000 47116 27100 0 0 34.9775023347 34.7737498939
42 249 10000 100 204800 2000000000 54376 27100 0 0 30.3074885979 30.1309401206
244 19 10000 101 204800 2000000000 63453 27100 0 0 25.9719792602 25.8206861772
14 131 10000 100 614400 2000000000 63893 60060 0 0 77.3793686319 76.9286150283
233 172 10000 100 614400 2000000000 64744 60060 0 0 76.3622883974 75.9174595329
170 70 10000 100 614400 2000000000 66065 60060 0 0 74.8353893892 74.3994550821
50 190 10000 100 614400 2000000000 69024 60060 0 0 71.6272600834 71.2100139082
191 68 10000 101 614400 2000000000 70513 60060 0 0 70.114730617 69.7062952931
177 16 10000 100 614400 2000000000 77423 60060 0 0 63.8569933999 63.4850109141
204 135 10000 100 614400 2000000000 77872 60060 0 0 63.4888021368 63.1189644545
213 4 10000 100 204800 2000000000 79955 27100 0 0 20.6115940216 20.4915264836
16 245 10000 100 614400 2000000000 80292 60060 0 0 61.5752503363 61.2165595576
28 209 10000 100 614400 2000000000 82818 60060 0 0 59.6971672825 59.3494167935
19 13 10000 101 614400 2000000000 83086 60060 0 0 59.5046096815 59.1579808873
203 2 10000 100 614400 2000000000 83178 60060 0 0 59.4387939119 59.0925485104
194 64 10000 100 614400 2000000000 83244 60060 0 0 59.391667868 59.0456969872
64 174 10000 101 614400 2000000000 84822 60060 0 0 58.286765226 57.9472306713
172 241 10000 101 614400 2000000000 86660 60060 0 0 57.0505423494 56.718209093
47 136 10000 100 614400 2000000000 95664 60060 0 0 51.6808830908 51.3798294029
145 92 10000 100 1024000 2000000000 98651 93020 0 0 83.5267762111 83.0402124662
187 159 10000 100 1024000 2000000000 100359 93020 0 0 82.1052421806 81.6269592164
236 52 10000 100 1024000 2000000000 101189 93020 0 0 81.4317761812 80.95741632
6 225 10000 100 1024000 2000000000 101394 93020 0 0 81.2671361225 80.7937353295
226 155 10000 100 1024000 2000000000 101597 93020 0 0 81.1047570302 80.6323021349
44 206 10000 101 614400 2000000000 102284 60060 0 0 48.3360056314 48.0544366665
72 188 10000 100 1024000 2000000000 102845 93020 0 0 80.1205697895 79.6538480237
123 134 10000 100 614400 2000000000 105594 60060 0 0 46.8208420933 46.5480993238
251 140 10000 100 1024000 2000000000 105767 93020 0 0 77.907097677 77.4532699235
221 57 10000 100 1024000 2000000000 107522 93020 0 0 76.6354792508 76.1890589833
38 187 10000 100 1024000 2000000000 108623 93020 0 0 75.8587039577 75.4168085949
212 5 10000 100 1024000 2000000000 109708 93020 0 0 75.1084697561 74.6709446895
216 103 10000 101 614400 2000000000 113359 60060 0 0 43.6136522023 43.3595920924
46 181 10000 101 1024000 2000000000 114749 93020 0 0 71.8089046528 71.3906003538
210 123 10000 100 614400 2000000000 116834 60060 1 0 42.3164489789 42.0699453926
30 249 10000 101 1024000 2000000000 119645 93020 0 0 68.8704082912 68.4692214468
173 221 10000 101 1024000 2000000000 126771 93020 0 0 64.9990928525 64.6204573601
133 234 10000 102 1024000 2000000000 127829 93020 0 0 64.4611160222 64.0856143755
211 40 10000 102 1024000 2000000000 135066 93020 0 0 61.0072112893 60.651829476
124 253 10000 100 1024000 2000000000 141513 93020 0 0 58.2278659911 57.8886745387
33 148 10000 100 1024000 2000000000 147280 93020 0 0 55.9478544269 55.6219445953
165 22 10000 100 614400 2000000000 154338 60060 0 0 32.0335886172 31.8469851884
151 250 10000 100 614400 2000000000 154338 60060 0 0 32.0335886172 31.8469851884
2 128 10000 100 1024000 2000000000 155796 93020 0 0 52.8896762433 52.5815810419
200 111 10000 100 614400 2000000000 158306 60060 0 0 31.2306545551 31.0487284121
199 33 10000 100 614400 2000000000 158638 60060 0 0 31.16529457 30.9837491648
91 191 10000 100 614400 2000000000 161313 60060 0 0 30.6484908222 30.4699559242
215 31 10000 100 1024000 2000000000 182175 93020 0 0 45.2312337039 44.9677507891
176 63 10000 100 2048000 2000000000 193449 175420 0 0 85.1904119432 84.6941571163
152 201 10000 100 2048000 2000000000 196664 175420 0 0 83.7977464101 83.309604198
140 102 10000 100 2048000 2000000000 197771 175420 0 0 83.328698343 82.8432884498
96 6 10000 100 2048000 2000000000 201001 175420 0 0 81.9896418426 81.5120322784
115 45 10000 101 2048000 2000000000 209026 175420 0 0 78.8418665621 78.382593553
144 33 10000 101 1024000 2000000000 210274 93020 0 0 39.1869655782 38.9586919924
207 156 10000 100 2048000 2000000000 211753 175420 0 0 77.8265242995 77.3731659056
113 30 10000 101 2048000 2000000000 218396 175420 0 0 75.4592574956 75.0196890053
174 19 10000 102 1024000 2000000000 228318 93020 0 0 36.0900148039 35.879781708
54 189 10000 101 2048000 2000000000 233508 175420 1 0 70.5757404457 70.1646196276
20 250 10000 101 1024000 2000000000 233570 93020 0 0 35.2785032324 35.0729973884
134 4 10000 101 1024000 2000000000 254805 93020 2 0 32.3384548969 32.150075548
37 111 10000 101 1024000 2000000000 255792 93020 0 0 32.2136736098 32.0260211422
201 103 10000 102 2048000 2000000000 286450 175420 2 0 57.5318554722 57.19671845
185 111 10000 102 2048000 2000000000 347750 175420 1 0 47.3903666427 47.1143062545
192 14 10000 100 2048000 2000000000 352545 175420 0 0 46.7458055 46.4734998369
175 89 10000 100 2048000 2000000000 356002 175420 0 0 46.2918747647 46.0222133584
107 22 10000 101 2048000 2000000000 356461 175420 1 0 46.2322666435 45.9629524689
129 250 10000 102 2048000 2000000000 382302 175420 1 0 43.1072816778 42.8561712991
247 191 10000 101 2048000 2000000000 417292 175420 1 0 39.4927293118 39.262674578
83 217 10000 100 5120000 2000000000 485307 422620 1 0 84.8947161281 84.4001838012
220 141 10000 101 5120000 2000000000 501538 422620 2 0 82.1473148595 81.6687868118
94 132 10000 100 5120000 2000000000 514206 422620 1 0 80.1235302583 79.6567912471
5 66 10000 100 5120000 2000000000 516298 422620 3 0 79.798875843 79.3340280226
198 117 10000 100 5120000 2000000000 521669 422620 3 0 78.9772825297 78.5172206897
59 130 10000 100 5120000 2000000000 527377 422620 2 0 78.1224816403 77.6673992229
240 24 10000 100 5120000 2000000000 544585 422620 3 0 75.65393832 75.2132357667
26 123 10000 101 5120000 2000000000 584478 422620 2 0 70.4902494191 70.079626607
241 33 10000 102 5120000 2000000000 708906 422620 3 0 58.1177194156 57.7791695937
114 244 10000 100 5120000 2000000000 796261 422620 3 0 51.7418283703 51.4404196614
202 185 10000 100 5120000 2000000000 858654 422620 5 0 47.9820742697 47.702567041
25 255 10000 102 5120000 2000000000 877880 422620 1 0 46.9312434501 46.657857566
45 1 10000 101 5120000 2000000000 943111 422620 6 0 43.6852077857 43.4307308472
52 255 10000 103 5120000 2000000000 975051 422620 7 0 42.2542000367 42.0080590656
184 4 10000 102 5120000 2000000000 1057431 422620 4 0 38.9623530992 38.7353879355
68 213 10000 100 12288000 2000000000 1157198 999420 3 0 85.4477798959 84.9500258383
245 121 10000 100 12288000 2000000000 1227681 999420 7 0 80.5420952185 80.0729179648
48 154 10000 100 12288000 2000000000 1261681 999420 8 0 78.3716327661 77.915098983
224 55 10000 100 12288000 2000000000 1277908 999420 10 0 77.3764621553 76.9257254826
179 254 10000 101 12288000 2000000000 1298365 999420 8 0 76.1573209383 75.713686059
43 220 10000 100 12288000 2000000000 1320816 999420 16 0 74.8628120798 74.4267180289
29 184 10000 101 12288000 2000000000 1326550 999420 11 0 74.539218273 74.1050092345
102 247 10000 100 12288000 2000000000 1365640 999420 9 0 72.4056120207 71.9838317565
193 21 10000 101 12288000 2000000000 1372863 999420 13 0 72.0246667002 71.6051055349
239 46 10000 101 12288000 2000000000 1378940 999420 12 0 71.7072533975 71.2895412418
65 94 10000 100 12288000 2000000000 1548228 999420 8 0 63.8665622893 63.4945240623
9 62 10000 100 12288000 2000000000 1593202 999420 11 0 62.0636931161 61.7021570397
135 41 10000 100 12288000 2000000000 1692774 999420 16 0 58.4129954737 58.0727255972
197 18 10000 100 12288000 2000000000 1701270 999420 14 0 58.1212858629 57.7827152657
156 53 10000 100 25600000 2000000000 2600005 2070620 19 0 79.2306168642 78.7690792902
126 193 10000 100 25600000 2000000000 2617162 2070620 19 0 78.7112146669 78.2527027368
149 48 10000 100 25600000 2000000000 2655814 2070620 22 0 77.5656728973 77.113834026
188 19 10000 103 25600000 2000000000 2706646 2070620 18 0 76.1089555117 75.6656023728
169 239 10000 100 25600000 2000000000 2706892 2070620 24 0 76.1020387958 75.6587259484
34 252 10000 101 25600000 2000000000 2744605 2070620 12 0 75.0563377972 74.619116412
3 153 10000 100 25600000 2000000000 2809715 2070620 13 0 73.3170446113 72.889955031
158 22 10000 102 25600000 2000000000 2811323 2070620 17 0 73.2751092635 72.8482639668
223 128 10000 101 25600000 2000000000 3083325 2070620 25 0 66.8109913811 66.42180114
237 4 10000 103 25600000 2000000000 3195243 2070620 20 0 64.470839933 64.0952816421
121 243 10000 100 25600000 2000000000 3206460 2070620 15 0 64.245304791 63.871060297
78 196 10000 100 12288000 2000000000 3777538 999420 15 0 26.1757790392 26.0232987729
228 90 10000 100 43008000 2000000000 4256951 3471420 26 0 81.2976235808 80.824045191
208 7 10000 101 43008000 2000000000 4360518 3471420 33 0 79.3667174405 78.9043870476
119 107 10000 100 43008000 2000000000 4362024 3471420 31 0 79.3393158772 78.8771451051
238 134 10000 101 43008000 2000000000 4388948 3471420 29 0 78.8526088712 78.3932732855
8 89 10000 101 43008000 2000000000 4398562 3471420 22 0 78.6802595939 78.2219279846
61 251 10000 101 43008000 2000000000 4404424 3471420 27 0 78.5755413194 78.1178197194
157 47 10000 100 25600000 2000000000 4410938 2070620 17 0 46.7020846813 46.4300337026
41 31 10000 101 43008000 2000000000 4413206 3471420 30 0 78.4191809764 77.9623702134
105 8 10000 100 43008000 2000000000 4428243 3471420 30 0 78.1528926936 77.6976331245
168 223 10000 100 43008000 2000000000 4443993 3471420 34 0 77.8759102456 77.4222641665
209 69 10000 100 43008000 2000000000 4460202 3471420 39 0 77.5928982589 77.1409007933
85 14 10000 101 43008000 2000000000 4483557 3471420 26 0 77.1887142285 76.739071233
17 191 10000 102 43008000 2000000000 4554609 3471420 33 0 75.9845685985 75.5419400436
76 118 10000 100 25600000 2000000000 4583859 2070620 20 0 44.9403003016 44.6785121445
21 118 10000 101 25600000 2000000000 4605031 2070620 16 0 44.7336836603 44.4730990953
24 196 10000 101 25600000 2000000000 5639560 2070620 34 0 36.5276723716 36.3148898141
93 196 10000 102 43008000 2000000000 7271867 3471420 28 0 47.5916294949 47.3143967017
100 44 10000 100 43008000 2000000000 7663380 3471420 36 0 45.1602295593 44.8971602609
180 44 10000 101 43008000 2000000000 7727099 3471420 39 0 44.7878304652 44.5269304819
120 204 10000 100 128000000 2000000000 13027250 10310620 81 0 79.0650367499 78.6044637203
246 9 10000 100 128000000 2000000000 13324535 10310620 76 0 77.3010090033 76.8507118635
82 232 10000 102 128000000 2000000000 13611794 10310620 83 0 75.6696729322 75.2288787209
234 17 10000 100 128000000 2000000000 14062068 10310620 103 0 73.2466945829 72.8200148086
118 47 10000 101 128000000 2000000000 14807014 10310620 70 0 69.561628023 69.1564146559
