31
67 141 3 16384 2.0
160 115 3 16384 2.0
230 129 3 16384 2.0
232 103 3 16384 2.0
40 205 3 40960 2.0
164 30 3 40960 2.0
88 7 3 40960 2.0
243 13 3 40960 2.0
112 26 3 204800 2.0
77 212 3 204800 2.0
219 37 3 204800 2.0
222 51 3 204800 2.0
183 1 3 614400 2.0
31 206 3 614400 2.0
13 216 3 614400 2.0
49 146 3 614400 2.0
130 76 3 1024000 2.0
1 72 3 1024000 2.0
84 181 3 1024000 2.0
189 40 3 1024000 2.0
190 28 3 2048000 2.0
136 12 3 2048000 2.0
74 234 3 5120000 2.0
167 203 3 5120000 2.0
75 178 3 12288000 2.0
60 254 3 12288000 2.0
92 224 3 25600000 2.0
58 222 3 25600000 2.0
154 19 3 43008000 2.0
148 216 3 43008000 2.0
137 15 3 128000000 2.0