67 141 10000 100 16384 2000000000 11342 11938 0 0 11.6240521954 11.55633927
232 103 10000 100 16384 2000000000 11960 11938 0 0 11.0234113712 10.9591973244
160 115 10000 100 16384 2000000000 12004 11938 0 0 10.9830056648 10.919026991
230 129 10000 100 16384 2000000000 12622 11938 0 0 10.4452543179 10.3844081762
164 30 10000 100 40960 2000000000 13328 13916 0 0 24.7298919568 24.5858343337
88 7 10000 100 40960 2000000000 13994 13916 0 0 23.5529512648 23.415749607
40 205 10000 100 40960 2000000000 13995 13916 0 0 23.5512683101 23.4140764559
243 13 10000 100 40960 2000000000 14010 13916 0 0 23.5260528194 23.3890078515
219 37 10000 100 204800 2000000000 26641 27100 0 0 61.8595398071 61.4991929732
77 212 10000 100 204800 2000000000 27326 27100 0 0 60.3088633536 59.9575495865
222 51 10000 100 204800 2000000000 28711 27100 0 0 57.3996029396 57.0652363206
112 26 10000 100 204800 2000000000 29268 27100 0 0 56.307229739 55.9792264589
49 146 10000 100 614400 2000000000 60334 60060 0 0 81.9438459244 81.4665031326
31 206 10000 100 614400 2000000000 62588 60060 0 0 78.9927781683 78.5326260625
183 1 10000 100 614400 2000000000 63012 60060 0 0 78.4612454771 78.0041896782
1 72 10000 100 1024000 2000000000 97941 93020 0 0 84.1322837218 83.6421927487
189 40 10000 100 1024000 2000000000 98054 93020 0 0 84.0353274726 83.5458012932
130 76 10000 100 1024000 2000000000 98153 93020 0 0 83.950566972 83.461534543
84 181 10000 100 1024000 2000000000 98362 93020 0 0 83.7721884468 83.284195116
13 216 10000 100 614400 2000000000 108656 60060 0 0 45.5013989103 45.2363422176
136 12 10000 100 2048000 2000000000 190228 175420 0 0 86.6328826461 86.1282250773
190 28 10000 100 2048000 2000000000 192957 175420 0 0 85.4076296792 84.9101095063
167 203 10000 100 5120000 2000000000 463427 422620 0 0 88.9028908544 88.3850099368
74 234 10000 100 5120000 2000000000 464769 422620 0 0 88.646187676 88.1298021168
60 254 10000 100 12288000 2000000000 1104543 999420 0 0 89.5211865903 88.99970395
75 178 10000 100 12288000 2000000000 1120570 999420 9 0 88.2408060184 87.7267819056
92 224 10000 100 25600000 2000000000 2364943 2070620 27 0 87.1056934565 86.5982816499
58 222 10000 100 25600000 2000000000 2368142 2070620 32 0 86.9880269004 86.4813005301
154 19 10000 100 43008000 2000000000 3923476 3471420 41 0 88.2074976373 87.693667554
148 216 10000 101 43008000 2000000000 4049535 3471420 60 0 85.461664117 84.9638291804
137 15 10000 100 128000000 2000000000 11892350 10310620 210 0 86.6102998987 86.1057738798
