230 129 10000 100 16384 2000000000 20342 11938 0 0 6.48117195949 6.44341755973
112 26 10000 100 16384 2000000000 20342 11938 0 0 6.48117195949 6.44341755973
219 37 10000 100 16384 2000000000 20342 11938 0 0 6.48117195949 6.44341755973
49 146 10000 100 16384 2000000000 20342 11938 0 0 6.48117195949 6.44341755973
130 76 10000 100 16384 2000000000 20342 11938 0 0 6.48117195949 6.44341755973
160 115 10000 100 16384 2000000000 21004 11938 0 0 6.27689963816 6.24033517425
222 51 10000 100 16384 2000000000 21004 11938 0 0 6.27689963816 6.24033517425
136 12 10000 100 16384 2000000000 21004 11938 0 0 6.27689963816 6.24033517425
77 212 10000 100 16384 2000000000 21004 11938 0 0 6.27689963816 6.24033517425
13 216 10000 100 16384 2000000000 21004 11938 0 0 6.27689963816 6.24033517425
84 181 10000 100 16384 2000000000 21012 11938 0 0 6.27450980392 6.23795926137
189 40 10000 100 16384 2000000000 21238 11938 0 0 6.20774084189 6.17157924475
40 205 10000 100 16384 2000000000 21238 11938 0 0 6.20774084189 6.17157924475
190 28 10000 100 16384 2000000000 21298 11938 0 0 6.19025260588 6.15419288196
183 1 10000 100 16384 2000000000 21666 11938 0 0 6.08511031109 6.04966306656
167 203 10000 100 16384 2000000000 21666 11938 0 0 6.08511031109 6.04966306656
243 13 10000 100 16384 2000000000 21674 11938 0 0 6.08286426133 6.04743010058
164 30 10000 100 16384 2000000000 21674 11938 0 0 6.08286426133 6.04743010058
31 206 10000 100 16384 2000000000 21900 11938 0 0 6.0200913242 5.98502283105
1 72 10000 100 16384 2000000000 22328 11938 0 0 5.90469365819 5.87029738445
67 141 10000 100 16384 2000000000 22328 11938 0 0 5.90469365819 5.87029738445
74 234 10000 100 16384 2000000000 22328 11938 0 0 5.90469365819 5.87029738445
195 61 10000 100 40960 2000000000 22990 13916 0 0 14.3366681166 14.253153545
88 7 10000 100 16384 2000000000 22990 11938 0 0 5.73466724663 5.70126141801
32 116 10000 100 40960 2000000000 22990 13916 0 0 14.3366681166 14.253153545
235 98 10000 100 40960 2000000000 22990 13916 0 0 14.3366681166 14.253153545
217 49 10000 100 40960 2000000000 22998 13916 0 0 14.3316810157 14.2481954953
232 103 10000 100 16384 2000000000 23224 11938 0 0 5.67688598002 5.6438167413
89 162 10000 100 40960 2000000000 23263 13916 1 0 14.1684219576 14.0858874608
150 233 10000 100 40960 2000000000 23652 13916 0 0 13.9353965838 13.8542195163
75 178 10000 100 40960 2000000000 23652 13916 1 0 13.9353965838 13.8542195163
58 222 10000 100 40960 2000000000 23652 13916 0 0 13.9353965838 13.8542195163
148 216 10000 101 40960 2000000000 23660 13916 0 0 13.9306846999 13.8495350803
137 15 10000 100 40960 2000000000 23908 13916 0 0 13.786180358 13.7058725113
92 224 10000 100 40960 2000000000 24314 13916 0 0 13.5559759809 13.4770091305
166 46 10000 100 40960 2000000000 24322 13916 0 0 13.551517145 13.4725762684
153 21 10000 100 40960 2000000000 25682 13916 0 0 12.8338914415 12.7591309088
196 68 10000 100 40960 2000000000 25911 13916 0 0 12.7204662113 12.6463664081
205 67 10000 100 40960 2000000000 26308 13916 0 0 12.5285084385 12.4555268359
53 3 10000 100 40960 2000000000 26592 13916 0 0 12.3947051745 12.3225030084
142 45 10000 100 40960 2000000000 26716 13916 0 0 12.337176224 12.265309178
10 255 10000 100 40960 2000000000 26962 13916 0 0 12.2246124175 12.153401083
27 184 10000 100 40960 2000000000 27022 13916 0 0 12.1974687292 12.1264155133
70 241 10000 100 40960 2000000000 27660 13916 0 0 11.9161243673 11.8467100506
60 254 10000 100 40960 2000000000 28286 13916 0 0 11.6524075514 11.5845294492
103 232 10000 100 40960 2000000000 28559 13916 0 0 11.5410203438 11.4737910991
154 19 10000 100 40960 2000000000 31640 13916 0 0 10.417193426 10.3565107459
35 255 10000 101 40960 2000000000 32920 13916 0 0 10.0121506683 9.95382746051
98 197 10000 100 204800 2000000000 46368 27100 0 0 35.5417529331 35.3347135956
225 56 10000 100 204800 2000000000 46642 27100 2 0 35.3329617083 35.1271386304
104 176 10000 100 204800 2000000000 46663 27100 0 0 35.3170606262 35.1113301759
0 124 10000 100 204800 2000000000 46769 27100 0 0 35.2370159721 35.0317518014
4 167 10000 100 204800 2000000000 47355 27100 0 0 34.8009713863 34.5982472812
110 20 10000 100 204800 2000000000 47668 27100 0 0 34.5724595116 34.3710665436
248 97 10000 100 204800 2000000000 48025 27100 0 0 34.3154606976 34.11556481
231 75 10000 100 204800 2000000000 48628 27100 0 0 33.8899399523 33.6925228264
86 212 10000 101 204800 2000000000 49656 27100 0 0 33.18833575 32.9950056388
11 189 10000 100 204800 2000000000 50158 27100 0 0 32.8561744886 32.6647792974
163 40 10000 101 204800 2000000000 50731 27100 0 0 32.4850683014 32.2958348939
79 221 10000 100 204800 2000000000 50758 27100 0 0 32.4677883289 32.2786555814
87 0 10000 100 204800 2000000000 50970 27100 0 0 32.3327447518 32.1443986659
57 252 10000 100 204800 2000000000 51347 27100 0 0 32.0953512377 31.9083880266
227 3 10000 101 204800 2000000000 51370 27100 0 0 32.0809811174 31.8941016157
99 174 10000 100 204800 2000000000 51744 27100 0 0 31.8491032777 31.6635745207
106 251 10000 100 204800 2000000000 52995 27100 0 0 31.0972733277 30.9161241627
62 109 10000 100 204800 2000000000 54251 27100 5 0 30.3773202337 30.2003649702
116 234 10000 101 204800 2000000000 54383 27100 0 0 30.3035875182 30.1270617656
15 232 10000 101 204800 2000000000 56590 27100 0 0 29.1217529599 28.9521116805
214 109 10000 101 204800 2000000000 58011 27100 9 0 28.4084053024 28.2429194463
42 249 10000 100 204800 2000000000 62639 27100 0 0 26.3094876994 26.1562285477
244 19 10000 101 204800 2000000000 71703 27100 0 0 22.9836966375 22.849811026
213 4 10000 100 204800 2000000000 88191 27100 0 0 18.6867140638 18.5778594188
14 131 10000 100 614400 2000000000 107333 60060 3 0 46.0622548517 45.7939310371
233 172 10000 100 614400 2000000000 107387 60060 0 0 46.0390922551 45.7709033682
170 70 10000 100 614400 2000000000 107529 60060 0 0 45.9782942276 45.7104595039
177 16 10000 100 614400 2000000000 107834 60060 0 0 45.8482482334 45.5811710592
28 209 10000 100 614400 2000000000 109363 60060 0 0 45.2072455949 44.9439024167
16 245 10000 100 614400 2000000000 109834 60060 0 0 45.0133838338 44.7511699474
50 190 10000 100 614400 2000000000 110141 60060 0 0 44.8879163981 44.6264333899
194 64 10000 100 614400 2000000000 110664 60060 0 0 44.6757753199 44.415528085
19 13 10000 101 614400 2000000000 111557 60060 0 0 44.318151259 44.0599872711
203 2 10000 100 614400 2000000000 111588 60060 0 0 44.3058393376 44.0477470696
64 174 10000 101 614400 2000000000 112705 60060 0 0 43.8667317333 43.6111973737
191 68 10000 101 614400 2000000000 114205 60060 0 0 43.2905739679 43.0383958671
172 241 10000 101 614400 2000000000 116700 60060 0 0 42.3650385604 42.118251928
204 135 10000 100 614400 2000000000 122015 60060 0 0 40.5196082449 40.283571692
123 134 10000 100 614400 2000000000 123489 60060 0 0 40.0359546194 39.8027354663
216 103 10000 101 614400 2000000000 127950 60060 0 0 38.6400937866 38.4150058617
91 191 10000 100 614400 2000000000 141139 60060 0 0 35.0292973593 34.8252432
44 206 10000 101 614400 2000000000 142353 60060 34 0 34.7305641609 34.5282501949
47 136 10000 100 614400 2000000000 146894 60060 0 0 33.6569226789 33.4608629352
72 188 10000 100 1024000 2000000000 155439 93020 0 0 53.0111490681 52.702346258
165 22 10000 100 614400 2000000000 156714 60060 0 0 31.5479153107 31.3641410467
6 225 10000 100 1024000 2000000000 156748 93020 0 0 52.568453824 52.2622298211
38 187 10000 100 1024000 2000000000 157494 93020 0 0 52.3194534395 52.0146799243
145 92 10000 100 1024000 2000000000 158827 93020 0 0 51.8803477998 51.5781321816
46 181 10000 101 1024000 2000000000 159226 93020 0 0 51.7503422808 51.4488839762
251 140 10000 100 1024000 2000000000 159850 93020 0 0 51.5483265561 51.2480450422
236 52 10000 100 1024000 2000000000 161025 93020 0 0 51.1721782332 50.8740878746
221 57 10000 100 1024000 2000000000 162554 93020 0 0 50.6908473492 50.3955608598
133 234 10000 102 1024000 2000000000 163306 93020 0 0 50.4574234872 50.1634967484
187 159 10000 100 1024000 2000000000 163542 93020 0 0 50.384610681 50.0911080946
173 221 10000 101 1024000 2000000000 164109 93020 0 0 50.2105308057 49.9180422768
226 155 10000 100 1024000 2000000000 164542 93020 0 0 50.078399436 49.7866806043
211 40 10000 102 1024000 2000000000 165327 93020 0 0 49.8406188947 49.5502851924
30 249 10000 101 1024000 2000000000 170151 93020 0 0 48.4275731556 48.1454707877
124 253 10000 100 1024000 2000000000 182769 93020 46 0 45.0842320087 44.8216054145
151 250 10000 100 614400 2000000000 183457 60060 9 0 26.9490943382 26.7921093226
199 33 10000 100 614400 2000000000 188964 60060 0 0 26.1637137232 26.0113037404
215 31 10000 100 1024000 2000000000 207949 93020 0 0 39.6251003852 39.3942745577
33 148 10000 100 1024000 2000000000 210904 93020 0 0 39.069908584 38.8423168835
174 19 10000 102 1024000 2000000000 214046 93020 0 0 38.4963979705 38.2721471086
200 111 10000 100 614400 2000000000 218309 60060 0 0 22.6467988035 22.5148757037
144 33 10000 101 1024000 2000000000 227701 93020 0 0 36.1878076952 35.9770049319
2 128 10000 100 1024000 2000000000 233007 93020 39 0 35.3637444369 35.1577420421
37 111 10000 101 1024000 2000000000 259597 93020 0 0 31.7415070282 31.5566050455
54 189 10000 101 2048000 2000000000 271958 175420 0 0 60.5975922753 60.2445965921
207 156 10000 100 2048000 2000000000 274654 175420 0 0 60.0027671179 59.6532364357
140 102 10000 100 2048000 2000000000 278298 175420 0 0 59.2170982185 58.8721442483
176 63 10000 100 2048000 2000000000 290949 175420 24 0 56.6422293942 56.3122746598
115 45 10000 101 2048000 2000000000 306317 175420 0 0 53.8004746717 53.4870738483
20 250 10000 101 1024000 2000000000 310954 93020 11 0 26.4990963294 26.3447326614
134 4 10000 101 1024000 2000000000 314363 93020 0 0 26.211736114 26.059046389
201 103 10000 102 2048000 2000000000 320183 175420 0 0 51.4705652705 51.1707367349
192 14 10000 100 2048000 2000000000 372160 175420 7 0 44.2820292347 44.0240756664
175 89 10000 100 2048000 2000000000 374909 175420 0 0 43.9573336463 43.7012715086
129 250 10000 102 2048000 2000000000 424520 175420 0 0 38.8203147084 38.5941769528
247 191 10000 101 2048000 2000000000 439239 175420 0 0 37.5194370263 37.300877199
210 123 10000 100 614400 2000000000 458636 60060 4 0 10.7797905092 10.7169956131
212 5 10000 100 1024000 2000000000 520314 93020 19 0 15.8365909816 15.7443389953
94 132 10000 100 5120000 2000000000 594379 422620 53 0 69.3160424578 68.9122596862
96 6 10000 100 2048000 2000000000 629937 175420 25 0 26.1613462934 26.0089501014
152 201 10000 100 2048000 2000000000 633958 175420 25 0 25.9954129453 25.8439833554
113 30 10000 101 2048000 2000000000 638340 175420 12 0 25.8169627471 25.6665726729
240 24 10000 100 5120000 2000000000 659053 422620 44 0 62.513940457 62.1497815805
185 111 10000 102 2048000 2000000000 764833 175420 18 0 21.5471874252 21.4216698286
25 255 10000 102 5120000 2000000000 789331 422620 54 0 52.1961002419 51.892045289
5 66 10000 100 5120000 2000000000 910285 422620 24 0 45.2605502672 44.9968965763
83 217 10000 100 5120000 2000000000 914469 422620 25 0 45.0534681875 44.7910208
198 117 10000 100 5120000 2000000000 922705 422620 27 0 44.651324096 44.3912192954
26 123 10000 101 5120000 2000000000 960831 422620 23 0 42.879549057 42.6297652761
59 130 10000 100 5120000 2000000000 1028725 422620 22 0 40.0495759314 39.8162774308
241 33 10000 102 5120000 2000000000 1171651 422620 15 0 35.1640548252 34.9592156709
107 22 10000 101 2048000 2000000000 1256676 175420 28 0 13.1139609573 13.0375689517
220 141 10000 101 5120000 2000000000 1285671 422620 50 0 32.0455233104 31.8588503591
102 247 10000 100 12288000 2000000000 1432116 999420 108 0 69.0446863243 68.642484268
184 4 10000 102 5120000 2000000000 1439254 422620 14 0 28.6259409388 28.4591878848
179 254 10000 101 12288000 2000000000 1564277 999420 318 0 63.2113110402 62.8430898108
193 21 10000 101 12288000 2000000000 1666540 999420 66 0 59.3325092707 58.9868830031
202 185 10000 100 5120000 2000000000 1693548 422620 72 0 24.3276246082 24.1859102901
45 1 10000 101 5120000 2000000000 1734418 422620 69 0 23.7543660179 23.6159910702
114 244 10000 100 5120000 2000000000 2135896 422620 95 0 19.2893286939 19.1769636724
52 255 10000 103 5120000 2000000000 2504515 422620 99 0 16.4502907749 16.3544638383
197 18 10000 100 12288000 2000000000 2653241 999420 104 0 37.2676285343 37.0505355526
126 193 10000 100 25600000 2000000000 3003737 2070620 206 0 68.5812373054 68.1817349522
43 220 10000 100 12288000 2000000000 3008129 999420 132 0 32.8709307347 32.6794495848
224 55 10000 100 12288000 2000000000 3364770 999420 158 0 29.3868525932 29.2156670441
29 184 10000 101 12288000 2000000000 3383854 999420 159 0 29.2211188781 29.0508987681
237 4 10000 103 25600000 2000000000 3451657 2070620 305 0 59.6814805179 59.3338214081
68 213 10000 100 12288000 2000000000 3710292 999420 187 0 26.6501935697 26.4949497236
65 94 10000 100 12288000 2000000000 4076040 999420 217 0 24.2588394618 24.1175258339
9 62 10000 100 12288000 2000000000 4448826 999420 238 0 22.2260884107 22.0966160511
239 46 10000 101 12288000 2000000000 4504579 999420 230 0 21.9509969744 21.8231270891
105 8 10000 100 43008000 2000000000 4802286 3471420 567 0 72.0656787205 71.6458786503
135 41 10000 100 12288000 2000000000 4812140 999420 257 0 20.5480306059 20.4283333403
245 121 10000 100 12288000 2000000000 5158098 999420 291 0 19.1698567961 19.0581877273
48 154 10000 100 12288000 2000000000 5505301 999420 319 0 17.9608708043 17.8562443725
21 118 10000 101 25600000 2000000000 5579399 2070620 163 0 36.9215393988 36.7064624702
156 53 10000 100 25600000 2000000000 7090095 2070620 351 0 29.0546177449 28.8853675444
34 252 10000 101 25600000 2000000000 7645422 2070620 369 0 26.944228847 26.7872721741
169 239 10000 100 25600000 2000000000 7797351 2070620 395 0 26.4192287868 26.2653303667
158 22 10000 102 25600000 2000000000 8330652 2070620 399 0 24.7279564673 24.5839101189
149 48 10000 100 25600000 2000000000 8515940 2070620 451 0 24.1899308826 24.0490186638
157 47 10000 100 25600000 2000000000 8864011 2070620 273 0 23.2400433619 23.1046644685
93 196 10000 102 43008000 2000000000 8941461 3471420 171 0 38.705084102 38.4796175927
223 128 10000 101 25600000 2000000000 8998923 2070620 483 0 22.8916282537 22.7582789629
78 196 10000 100 12288000 2000000000 9656149 999420 217 0 10.2401071069 10.1804559975
121 243 10000 100 25600000 2000000000 9685374 2070620 516 0 21.2691838229 21.1452856648
188 19 10000 103 25600000 2000000000 9705297 2070620 536 0 21.2255225162 21.1018786957
76 118 10000 100 25600000 2000000000 9900720 2070620 406 0 20.8065676032 20.6853642967
3 153 10000 100 25600000 2000000000 9953869 2070620 549 0 20.6954702739 20.5749141364
228 90 10000 100 43008000 2000000000 10101956 3471420 429 0 34.2587118772 34.0591465653
24 196 10000 101 25600000 2000000000 11355574 2070620 249 0 18.1408707301 18.035195755
85 14 10000 101 43008000 2000000000 12408212 3471420 580 0 27.8912062431 27.728733197
8 89 10000 101 43008000 2000000000 12507566 3471420 601 0 27.669652113 27.5084696735
209 69 10000 100 43008000 2000000000 13684102 3471420 717 0 25.2906621129 25.1433378675
41 31 10000 101 43008000 2000000000 14159519 3471420 728 0 24.4415082179 24.2991305001
17 191 10000 102 43008000 2000000000 14260578 3471420 731 0 24.2683010464 24.1269323025
61 251 10000 101 43008000 2000000000 14467554 3471420 758 0 23.92111341 23.7817671183
119 107 10000 100 43008000 2000000000 14752357 3471420 811 0 23.4593021305 23.3226460016
208 7 10000 101 43008000 2000000000 15141352 3471420 819 0 22.8566114836 22.723466174
168 223 10000 100 43008000 2000000000 16546662 3471420 925 0 20.9153967126 20.7935594502
180 44 10000 101 43008000 2000000000 17049737 3471420 603 0 20.2982603192 20.1800180261
238 134 10000 101 43008000 2000000000 17063728 3471420 936 0 20.281617241 20.1634718978
100 44 10000 100 43008000 2000000000 17862579 3471420 587 0 19.3745819123 19.2617202701
118 47 10000 101 128000000 2000000000 34476055 10310620 1395 0 29.8758080065 29.7017741734
120 204 10000 100 128000000 2000000000 36518459 10310620 1836 0 28.204914123 28.0406136524
82 232 10000 102 128000000 2000000000 37243120 10310620 1879 0 27.6561147401 27.4950111591
246 9 10000 100 128000000 2000000000 38996660 10310620 2008 0 26.4125184054 26.2586590749
234 17 10000 100 128000000 2000000000 45491568 10310620 2463 0 22.6415585411 22.5096659671
