230 129 10000 100 16384 2000000000 11342 11938 0 0 11.6240521954 11.55633927
164 30 10000 100 16384 2000000000 11346 11938 0 0 11.6199541689 11.5522651155
112 26 10000 100 16384 2000000000 11346 11938 0 0 11.6199541689 11.5522651155
160 115 10000 100 16384 2000000000 12004 11938 0 0 10.9830056648 10.919026991
243 13 10000 100 16384 2000000000 12008 11938 0 0 10.9793471019 10.9153897402
183 1 10000 100 16384 2000000000 12622 11938 0 0 10.4452543179 10.3844081762
67 141 10000 100 16384 2000000000 12627 11938 0 0 10.4411182387 10.3802961907
219 37 10000 100 16384 2000000000 12638 11938 0 0 10.4320303846 10.3712612755
77 212 10000 100 16384 2000000000 12643 11938 0 0 10.4279047694 10.3671596931
40 205 10000 100 16384 2000000000 13294 11938 0 0 9.91725590492 9.85948548217
222 51 10000 100 16384 2000000000 13294 11938 0 0 9.91725590492 9.85948548217
49 146 10000 100 40960 2000000000 13328 13916 0 0 24.7298919568 24.5858343337
88 7 10000 100 16384 2000000000 13338 11938 0 0 9.88454041086 9.8269605638
84 181 10000 100 40960 2000000000 13342 13916 0 0 24.7039424374 24.5600359766
75 178 10000 100 40960 2000000000 13990 13916 0 0 23.5596854896 23.4224446033
232 103 10000 100 16384 2000000000 14613 11938 0 0 9.02210360638 8.96954766304
60 254 10000 100 40960 2000000000 14634 13916 1 0 22.5228918956 22.3916905836
1 72 10000 100 40960 2000000000 14652 13916 2 0 22.4952224952 22.3641823642
190 28 10000 100 40960 2000000000 14657 13916 1 0 22.4875486116 22.3565531828
130 76 10000 100 40960 2000000000 15314 13916 0 0 21.5227896043 21.3974141309
136 12 10000 100 40960 2000000000 15319 13916 0 0 21.5157647366 21.3904301847
167 203 10000 100 40960 2000000000 15319 13916 3 0 21.5157647366 21.3904301847
31 206 10000 100 40960 2000000000 16617 13916 1 0 19.8351086237 19.7195643016
13 216 10000 100 40960 2000000000 17962 13916 1 0 18.3498496827 18.2429573544
189 40 10000 100 40960 2000000000 17962 13916 0 0 18.3498496827 18.2429573544
74 234 10000 100 40960 2000000000 20667 13916 1 0 15.9481298689 15.8552281415
153 21 10000 100 204800 2000000000 27944 27100 2 0 58.9750930432 58.6315488119
89 162 10000 100 204800 2000000000 27948 27100 1 0 58.9666523544 58.6231572921
137 15 10000 100 204800 2000000000 30052 27100 11 0 54.8382803141 54.518834021
58 222 10000 100 204800 2000000000 30755 27100 5 0 53.5847829621 53.2726385954
148 216 10000 101 204800 2000000000 32536 27100 4 0 50.6515859356 50.3565281534
142 45 10000 100 204800 2000000000 33393 27100 7 0 49.3516605277 49.0641751265
217 49 10000 100 204800 2000000000 34553 27100 15 0 47.6948455995 47.4170115475
92 224 10000 100 204800 2000000000 36663 27100 16 0 44.9499495404 44.6881051742
27 184 10000 100 204800 2000000000 39198 27100 20 0 42.0429613756 41.798050921
154 19 10000 100 204800 2000000000 43569 27100 1 0 37.8250591017 37.6047189515
53 3 10000 100 204800 2000000000 44946 27100 2 0 36.6662216882 36.4526320473
70 241 10000 100 204800 2000000000 45766 27100 11 0 36.0092645195 35.7995018136
10 255 10000 100 204800 2000000000 45770 27100 12 0 36.0061175442 35.7963731702
166 46 10000 100 614400 2000000000 63281 60060 1 0 78.1277160601 77.672603151
195 61 10000 100 614400 2000000000 65516 60060 3 0 75.462482447 75.0228951706
32 116 10000 100 614400 2000000000 65983 60060 2 0 74.9283906461 74.4919145841
235 98 10000 100 614400 2000000000 66178 60060 2 0 74.7076067575 74.2724168153
225 56 10000 100 614400 2000000000 66540 60060 4 0 74.3011722272 73.8683498647
35 255 10000 101 614400 2000000000 83570 60060 4 0 59.1599856408 58.8153643652
110 20 10000 100 1024000 2000000000 97859 93020 0 0 84.2027815531 83.7122799129
104 176 10000 100 614400 2000000000 98449 60060 60 0 50.2188950624 49.9263578096
57 252 10000 100 1024000 2000000000 101698 93020 1 0 81.0242089323 80.5522232492
62 109 10000 100 614400 2000000000 103364 60060 4 0 47.8309662939 47.5523393058
11 189 10000 100 1024000 2000000000 103498 93020 5 0 79.6150650254 79.1512879476
0 124 10000 100 1024000 2000000000 107641 93020 5 0 76.5507566819 76.104829944
244 19 10000 101 1024000 2000000000 120402 93020 4 0 68.4374013721 68.0387368981
98 197 10000 100 614400 2000000000 126915 60060 61 0 38.9552062404 38.7282827089
227 3 10000 101 1024000 2000000000 131949 93020 8 0 62.4483702036 62.0845932898
99 174 10000 100 1024000 2000000000 177480 93020 0 0 46.4277665089 46.1573135001
163 40 10000 101 1024000 2000000000 191864 93020 0 0 42.9470875203 42.6969103115
79 221 10000 100 2048000 2000000000 194822 175420 2 0 84.5900360329 84.0972785414
248 97 10000 100 2048000 2000000000 195250 175420 7 0 84.404609475 83.9129321383
86 212 10000 101 2048000 2000000000 204435 175420 13 0 80.6124195955 80.1428326852
4 167 10000 100 2048000 2000000000 221168 175420 30 0 74.5134920061 74.0794328293
214 109 10000 101 2048000 2000000000 277668 175420 6 0 59.3514556953 59.0057190602
15 232 10000 101 1024000 2000000000 311039 93020 48 0 26.4918547192 26.3375332354
150 233 10000 100 614400 2000000000 454305 60060 353 0 10.8825568726 10.8191633374
103 232 10000 100 614400 2000000000 489642 60060 255 0 10.0971730366 10.0383545529
233 172 10000 100 5120000 2000000000 501872 422620 38 0 82.0926451366 81.6144355533
50 190 10000 100 5120000 2000000000 502551 422620 47 0 81.9817292175 81.5041657464
91 191 10000 100 5120000 2000000000 504499 422620 31 0 81.6651767397 81.1894572635
87 0 10000 100 2048000 2000000000 538514 175420 326 0 30.6027327052 30.4244643593
116 234 10000 101 1024000 2000000000 684236 93020 162 0 12.0426285668 11.9724773324
106 251 10000 100 1024000 2000000000 704339 93020 522 0 11.6989120296 11.6307630275
200 111 10000 100 5120000 2000000000 720905 422620 36 0 57.1503873603 56.8174724825
213 4 10000 100 2048000 2000000000 738953 175420 186 0 22.3018243379 22.1719107981
205 67 10000 100 614400 2000000000 780893 60060 352 0 6.33121311114 6.29433225807
196 68 10000 100 614400 2000000000 790536 60060 362 0 6.25398463827 6.2175536598
14 131 10000 100 5120000 2000000000 800844 422620 5 0 51.4457247604 51.1460409268
210 123 10000 100 5120000 2000000000 818146 422620 17 0 50.3577601064 50.064413931
231 75 10000 100 1024000 2000000000 906302 93020 156 0 9.0918921066 9.03892962831
216 103 10000 101 5120000 2000000000 982872 422620 186 0 41.9179710074 41.673788652
204 135 10000 100 12288000 2000000000 1132513 999420 39 0 87.3102560412 86.801652608
172 241 10000 101 12288000 2000000000 1284195 999420 190 0 76.9976522257 76.5491222127
42 249 10000 100 1024000 2000000000 1535333 93020 435 0 5.36691388774 5.33565031169
151 250 10000 100 12288000 2000000000 1829058 999420 355 0 54.0606148083 53.7456986055
191 68 10000 101 12288000 2000000000 2002566 999420 299 0 49.3766497584 49.0890187889
19 13 10000 101 12288000 2000000000 2417699 999420 715 0 40.8983914044 40.6601483477
16 245 10000 100 12288000 2000000000 2417975 999420 587 0 40.8937230534 40.6555071909
123 134 10000 100 25600000 2000000000 2436153 2070620 136 0 84.5595494207 84.0669695212
165 22 10000 100 25600000 2000000000 2469632 2070620 244 0 83.4132372758 82.9273349228
177 16 10000 100 25600000 2000000000 2471658 2070620 214 0 83.3448640548 82.8593599924
226 155 10000 100 25600000 2000000000 2474581 2070620 246 0 83.246416262 82.7614856818
64 174 10000 101 25600000 2000000000 2551646 2070620 232 0 80.7322018807 80.2619172095
47 136 10000 100 5120000 2000000000 3145097 422620 831 0 13.0997549519 13.0234456998
170 70 10000 100 25600000 2000000000 3414154 2070620 632 0 60.3370556806 59.9855776863
28 209 10000 100 25600000 2000000000 3595649 2070620 743 0 57.2914653238 56.9577286326
203 2 10000 100 2048000 2000000000 3991052 175420 2047 0 4.1292371034 4.10518329503
2 128 10000 100 43008000 2000000000 4014554 3471420 213 0 86.2063382383 85.7041653942
133 234 10000 102 43008000 2000000000 4359345 3471420 428 0 79.3880732082 78.9256184129
145 92 10000 100 43008000 2000000000 4544594 3471420 598 0 76.1520170999 75.7084131168
211 40 10000 102 43008000 2000000000 4668411 3471420 772 0 74.1322904089 73.700451824
124 253 10000 100 43008000 2000000000 4740780 3471420 424 0 73.0006454634 72.575398985
6 225 10000 100 43008000 2000000000 4786449 3471420 674 0 72.3041235789 71.8829345095
194 64 10000 100 12288000 2000000000 5106845 999420 1709 0 19.3622481199 19.2494583251
199 33 10000 100 12288000 2000000000 5221018 999420 3947 0 18.9388352999 18.8285119875
44 206 10000 101 25600000 2000000000 6842270 2070620 1956 0 30.1069674246 29.9315870318
33 148 10000 100 43008000 2000000000 8521206 3471420 1636 0 40.6139694311 40.3773832014
37 111 10000 101 43008000 2000000000 8659228 3471420 2156 0 39.9666113423 39.7337961306
221 57 10000 100 128000000 2000000000 12273231 10310620 1226 0 83.9224813743 83.4336125508
38 187 10000 100 128000000 2000000000 12487037 10310620 1429 0 82.4855408052 82.0050425093
134 4 10000 101 128000000 2000000000 13092619 10310620 1765 0 78.6702797966 78.212006322
