230 129 10000 100 16384 2000000000 11342 11938 0 0 11.6240521954 11.55633927
164 30 10000 100 16384 2000000000 11346 11938 0 0 11.6199541689 11.5522651155
112 26 10000 100 16384 2000000000 11346 11938 0 0 11.6199541689 11.5522651155
160 115 10000 100 16384 2000000000 12004 11938 0 0 10.9830056648 10.919026991
243 13 10000 100 16384 2000000000 12008 11938 0 0 10.9793471019 10.9153897402
183 1 10000 100 16384 2000000000 12622 11938 0 0 10.4452543179 10.3844081762
67 141 10000 100 16384 2000000000 12627 11938 0 0 10.4411182387 10.3802961907
219 37 10000 100 16384 2000000000 12638 11938 0 0 10.4320303846 10.3712612755
77 212 10000 100 16384 2000000000 12643 11938 0 0 10.4279047694 10.3671596931
40 205 10000 100 16384 2000000000 13294 11938 0 0 9.91725590492 9.85948548217
222 51 10000 100 16384 2000000000 13294 11938 0 0 9.91725590492 9.85948548217
49 146 10000 100 40960 2000000000 13328 13916 0 0 24.7298919568 24.5858343337
88 7 10000 100 16384 2000000000 13338 11938 0 0 9.88454041086 9.8269605638
84 181 10000 100 40960 2000000000 13342 13916 0 0 24.7039424374 24.5600359766
75 178 10000 100 40960 2000000000 13990 13916 0 0 23.5596854896 23.4224446033
232 103 10000 100 16384 2000000000 14613 11938 0 0 9.02210360638 8.96954766304
60 254 10000 100 40960 2000000000 14634 13916 0 0 22.5228918956 22.3916905836
1 72 10000 100 40960 2000000000 14652 13916 0 0 22.4952224952 22.3641823642
190 28 10000 100 40960 2000000000 14657 13916 0 0 22.4875486116 22.3565531828
130 76 10000 100 40960 2000000000 15314 13916 0 0 21.5227896043 21.3974141309
136 12 10000 100 40960 2000000000 15319 13916 0 0 21.5157647366 21.3904301847
167 203 10000 100 40960 2000000000 15319 13916 0 0 21.5157647366 21.3904301847
31 206 10000 100 40960 2000000000 16617 13916 0 0 19.8351086237 19.7195643016
13 216 10000 100 40960 2000000000 17962 13916 0 0 18.3498496827 18.2429573544
189 40 10000 100 40960 2000000000 17962 13916 0 0 18.3498496827 18.2429573544
74 234 10000 100 40960 2000000000 20685 13916 0 0 15.9342518733 15.8414309886
153 21 10000 100 204800 2000000000 27944 27100 0 0 58.9750930432 58.6315488119
89 162 10000 100 204800 2000000000 27950 27100 0 0 58.9624329159 58.6189624329
217 49 10000 100 204800 2000000000 28668 27100 0 0 57.4856983396 57.1508301939
142 45 10000 100 204800 2000000000 28785 27100 0 0 57.2520409936 56.9185339587
27 184 10000 100 204800 2000000000 29946 27100 0 0 55.0323916383 54.7118145996
58 222 10000 100 204800 2000000000 29970 27100 0 0 54.988321655 54.6680013347
137 15 10000 100 204800 2000000000 30000 27100 0 0 54.9333333333 54.6133333333
92 224 10000 100 204800 2000000000 30698 27100 0 0 53.6842791061 53.3715551502
148 216 10000 101 204800 2000000000 31316 27100 0 0 52.6248563035 52.3183037425
10 255 10000 100 204800 2000000000 42456 27100 0 0 38.8166572451 38.5905407952
53 3 10000 100 204800 2000000000 42460 27100 0 0 38.813000471 38.5869053227
70 241 10000 100 204800 2000000000 43178 27100 0 0 38.1675853444 37.9452498958
154 19 10000 100 204800 2000000000 43582 27100 0 0 37.8137763297 37.5935019045
104 176 10000 100 614400 2000000000 62023 60060 0 0 79.7123647679 79.2480208955
166 46 10000 100 614400 2000000000 62030 60060 0 0 79.7033693374 79.2390778655
225 56 10000 100 614400 2000000000 63137 60060 0 0 78.305906204 77.849755294
195 61 10000 100 614400 2000000000 63202 60060 0 0 78.2253726148 77.7696908326
235 98 10000 100 614400 2000000000 64088 60060 0 0 77.1439271002 76.6945450006
32 116 10000 100 614400 2000000000 64550 60060 0 0 76.5917893106 76.1456235476
150 233 10000 100 614400 2000000000 66211 60060 0 0 74.6703719926 74.2353989518
98 197 10000 100 614400 2000000000 66760 60060 0 0 74.0563211504 73.6249251049
35 255 10000 101 614400 2000000000 76222 60060 0 0 64.8631628664 64.4853191992
11 189 10000 100 1024000 2000000000 98094 93020 0 0 84.0010602076 83.5117336432
205 67 10000 100 614400 2000000000 98966 60060 0 0 49.9565507346 49.6655417012
110 20 10000 100 1024000 2000000000 100109 93020 0 0 82.3102817928 81.8308044232
42 249 10000 100 1024000 2000000000 103021 93020 0 0 79.9836926452 79.517768222
0 124 10000 100 1024000 2000000000 104129 93020 0 0 79.1326143534 78.6716476678
57 252 10000 100 1024000 2000000000 105657 93020 0 0 77.988207123 77.5339068874
231 75 10000 100 1024000 2000000000 107351 93020 0 0 76.7575523283 76.3104209556
106 251 10000 100 1024000 2000000000 107995 93020 0 0 76.2998286958 75.8553636742
62 109 10000 100 614400 2000000000 108660 60060 0 0 45.4997239094 45.234676974
244 19 10000 101 1024000 2000000000 116515 93020 0 0 70.7205080891 70.3085439643
103 232 10000 100 614400 2000000000 118311 60060 0 0 41.7881684712 41.5447422471
196 68 10000 100 614400 2000000000 123000 60060 0 0 40.1951219512 39.9609756098
227 3 10000 101 1024000 2000000000 123629 93020 0 0 66.6510284804 66.262770062
163 40 10000 101 1024000 2000000000 161976 93020 0 0 50.8717340841 50.5753938855
15 232 10000 101 1024000 2000000000 164975 93020 0 0 49.9469616609 49.6560084861
99 174 10000 100 1024000 2000000000 174940 93020 0 0 47.1018634961 46.8274837087
86 212 10000 101 2048000 2000000000 191145 175420 0 0 86.2172696121 85.7150330901
248 97 10000 100 2048000 2000000000 191596 175420 0 0 86.0143218021 85.5132675004
79 221 10000 100 2048000 2000000000 193472 175420 0 0 85.1802844856 84.6840886537
87 0 10000 100 2048000 2000000000 197415 175420 0 0 83.4789656308 82.9926803941
116 234 10000 101 1024000 2000000000 219388 93020 0 0 37.5590278411 37.3402373876
214 109 10000 101 2048000 2000000000 247094 175420 0 0 66.6952657693 66.306749658
203 2 10000 100 2048000 2000000000 278846 175420 1 0 59.1007222625 58.7564462105
213 4 10000 100 2048000 2000000000 373118 175420 1 0 44.1683328062 43.9110415472
50 190 10000 100 5120000 2000000000 463981 422620 0 0 88.7967395217 88.2794769613
216 103 10000 101 5120000 2000000000 472292 422620 0 0 87.2341686922 86.7260084863
91 191 10000 100 5120000 2000000000 474057 422620 0 0 86.9093800956 86.4031118621
210 123 10000 100 5120000 2000000000 475032 422620 0 0 86.7309991748 86.2257700534
233 172 10000 100 5120000 2000000000 490197 422620 1 0 84.0478419901 83.5582429105
47 136 10000 100 5120000 2000000000 495871 422620 1 0 83.0861252221 82.6021283761
4 167 10000 100 2048000 2000000000 522712 175420 1 0 31.5278776841 31.3442201442
14 131 10000 100 5120000 2000000000 849961 422620 4 0 48.472812282 48.1904463852
200 111 10000 100 5120000 2000000000 916393 422620 3 0 44.9588768138 44.696980444
204 135 10000 100 12288000 2000000000 1203654 999420 6 0 82.1498536955 81.6713108584
16 245 10000 100 12288000 2000000000 1212031 999420 6 0 81.5820717457 81.1068363763
19 13 10000 101 12288000 2000000000 1231356 999420 9 0 80.3017161568 79.8339391695
172 241 10000 101 12288000 2000000000 1275840 999420 9 0 77.5018811136 77.050413845
194 64 10000 100 12288000 2000000000 1342723 999420 9 0 73.6413988589 73.2124198364
199 33 10000 100 12288000 2000000000 1602196 999420 6 0 61.7152957566 61.3557891794
191 68 10000 101 12288000 2000000000 1609270 999420 8 0 61.4440087742 61.0860825095
151 250 10000 100 12288000 2000000000 1836641 999420 7 0 53.8374129729 53.523796975
123 134 10000 100 25600000 2000000000 2497176 2070620 10 0 82.493184301 82.0126414798
44 206 10000 101 25600000 2000000000 2526319 2070620 15 0 81.5415630409 81.0665636446
170 70 10000 100 25600000 2000000000 2547863 2070620 16 0 80.8520709316 80.3810879941
226 155 10000 100 25600000 2000000000 2573506 2070620 18 0 80.0464424796 79.5801525234
64 174 10000 101 25600000 2000000000 2600346 2070620 13 0 79.2202268467 78.7587497971
165 22 10000 100 25600000 2000000000 2602743 2070620 21 0 79.1472688621 78.6862168105
177 16 10000 100 25600000 2000000000 2604729 2070620 19 0 79.0869222863 78.6262217682
28 209 10000 100 25600000 2000000000 2865605 2070620 16 0 71.8870884159 71.4683286775
33 148 10000 100 43008000 2000000000 4274806 3471420 28 0 80.9580598511 80.4864595025
124 253 10000 100 43008000 2000000000 4457640 3471420 20 0 77.6374942795 77.1852370313
2 128 10000 100 43008000 2000000000 4501610 3471420 20 0 76.8791610113 76.4313212384
211 40 10000 102 43008000 2000000000 4545191 3471420 44 0 76.142014714 75.6984689972
133 234 10000 102 43008000 2000000000 4650394 3471420 26 0 74.4195007993 73.9859891441
145 92 10000 100 43008000 2000000000 4680233 3471420 34 0 73.9450364971 73.5142887117
6 225 10000 100 43008000 2000000000 4765137 3471420 37 0 72.62750263 72.2044297992
37 111 10000 101 43008000 2000000000 5026621 3471420 31 0 68.8494318549 68.4483672033
38 187 10000 100 128000000 2000000000 13130918 10310620 91 0 78.4408218831 77.9838850566
221 57 10000 100 128000000 2000000000 13135975 10310620 94 0 78.410624259 77.9538633409
134 4 10000 101 128000000 2000000000 13690624 10310620 109 0 75.2339703435 74.7957142056
