230 129 10000 100 16384 2000000000 11342 11938 0 0 11.6240521954 11.55633927
164 30 10000 100 16384 2000000000 11346 11938 0 0 11.6199541689 11.5522651155
112 26 10000 100 16384 2000000000 11346 11938 0 0 11.6199541689 11.5522651155
160 115 10000 100 16384 2000000000 12004 11938 0 0 10.9830056648 10.919026991
243 13 10000 100 16384 2000000000 12008 11938 0 0 10.9793471019 10.9153897402
183 1 10000 100 16384 2000000000 12622 11938 0 0 10.4452543179 10.3844081762
67 141 10000 100 16384 2000000000 12627 11938 0 0 10.4411182387 10.3802961907
219 37 10000 100 16384 2000000000 12638 11938 0 0 10.4320303846 10.3712612755
77 212 10000 100 16384 2000000000 12643 11938 0 0 10.4279047694 10.3671596931
40 205 10000 100 16384 2000000000 13294 11938 0 0 9.91725590492 9.85948548217
222 51 10000 100 16384 2000000000 13294 11938 0 0 9.91725590492 9.85948548217
49 146 10000 100 40960 2000000000 13328 13916 0 0 24.7298919568 24.5858343337
88 7 10000 100 16384 2000000000 13338 11938 0 0 9.88454041086 9.8269605638
84 181 10000 100 40960 2000000000 13342 13916 0 0 24.7039424374 24.5600359766
75 178 10000 100 40960 2000000000 13990 13916 0 0 23.5596854896 23.4224446033
232 103 10000 100 16384 2000000000 14613 11938 0 0 9.02210360638 8.96954766304
130 76 10000 100 40960 2000000000 15314 13916 0 0 21.5227896043 21.3974141309
136 12 10000 100 40960 2000000000 15319 13916 0 0 21.5157647366 21.3904301847
189 40 10000 100 40960 2000000000 17962 13916 0 0 18.3498496827 18.2429573544
32 116 10000 100 614400 2000000000 62562 60060 0 0 79.0256065983 78.5652632588
60 254 10000 100 40960 2000000000 74012 13916 1 0 4.45333189213 4.42739015295
1 72 10000 100 40960 2000000000 76002 13916 3 0 4.33672798084 4.31146548775
190 28 10000 100 40960 2000000000 76693 13916 4 0 4.29765428396 4.27261940464
31 206 10000 100 40960 2000000000 77959 13916 2 0 4.22786336408 4.2032350338
167 203 10000 100 40960 2000000000 77999 13916 4 0 4.22569520122 4.20107950102
13 216 10000 100 40960 2000000000 78018 13916 1 0 4.22466610269 4.20005639724
74 234 10000 100 40960 2000000000 81997 13916 2 0 4.01965925583 3.99624376502
58 222 10000 100 204800 2000000000 96685 27100 15 0 17.0450431815 16.9457516678
153 21 10000 100 204800 2000000000 98387 27100 16 0 16.75018041 16.6526065435
110 20 10000 100 1024000 2000000000 98514 93020 0 0 83.6429339992 83.155693607
142 45 10000 100 204800 2000000000 98736 27100 16 0 16.6909739102 16.593744936
92 224 10000 100 204800 2000000000 100064 27100 16 0 16.4694595459 16.3735209466
148 216 10000 101 204800 2000000000 100118 27100 16 0 16.4605765197 16.3646896662
154 19 10000 100 204800 2000000000 118007 27100 16 0 13.9652732465 13.8839221402
244 19 10000 101 1024000 2000000000 122416 93020 0 0 67.3114625539 66.9193569468
163 40 10000 101 1024000 2000000000 123026 93020 0 0 66.9777120284 66.5875505991
104 176 10000 100 614400 2000000000 131637 60060 16 0 37.5578294856 37.3390460129
89 162 10000 100 204800 2000000000 151330 27100 10 0 10.8901077116 10.826670191
62 109 10000 100 614400 2000000000 153633 60060 16 0 32.1805862022 31.9931264767
137 15 10000 100 204800 2000000000 160009 27100 17 0 10.2994206576 10.2394240324
217 49 10000 100 204800 2000000000 160553 27100 22 0 10.2645232415 10.2047299023
0 124 10000 100 1024000 2000000000 169366 93020 16 0 48.6520316947 48.3686218013
57 252 10000 100 1024000 2000000000 171030 93020 16 0 48.1786821026 47.8980295855
10 255 10000 100 204800 2000000000 189909 27100 28 0 8.67784043937 8.62728991254
53 3 10000 100 204800 2000000000 197419 27100 32 0 8.34772742239 8.299099884
98 197 10000 100 614400 2000000000 200557 60060 32 0 24.6513460014 24.5077459276
166 46 10000 100 614400 2000000000 202898 60060 32 0 24.3669232816 24.2249800392
99 174 10000 100 1024000 2000000000 203124 93020 14 0 40.5663535574 40.3300447018
27 184 10000 100 204800 2000000000 226571 27100 30 0 7.27365814689 7.23128732274
35 255 10000 101 614400 2000000000 227042 60060 32 0 21.7757066974 21.6488579206
70 241 10000 100 204800 2000000000 252730 27100 32 0 6.52079294108 6.48280773948
86 212 10000 101 2048000 2000000000 258079 175420 15 0 63.8564160586 63.484436936
79 221 10000 100 2048000 2000000000 261813 175420 16 0 62.9456902446 62.5790163208
235 98 10000 100 614400 2000000000 273364 60060 48 0 18.0857757422 17.9804217088
225 56 10000 100 614400 2000000000 276546 60060 49 0 17.8776767699 17.7735349634
106 251 10000 100 1024000 2000000000 306622 93020 48 0 26.8734793981 26.7169348579
11 189 10000 100 1024000 2000000000 306946 93020 47 0 26.8451128211 26.6887335232
15 232 10000 101 1024000 2000000000 357379 93020 47 0 23.0567548737 22.9224436802
42 249 10000 100 1024000 2000000000 377596 93020 65 0 21.8222650664 21.6951450757
103 232 10000 100 614400 2000000000 385639 60060 64 0 12.8202801065 12.7455988632
195 61 10000 100 614400 2000000000 396196 60060 53 0 12.4786721724 12.4059808782
116 234 10000 101 1024000 2000000000 400156 93020 48 0 20.591969132 20.4720159138
150 233 10000 100 614400 2000000000 412971 60060 80 0 11.9717849437 11.9020463907
4 167 10000 100 2048000 2000000000 463217 175420 59 0 35.577278036 35.3700317562
231 75 10000 100 1024000 2000000000 517820 93020 98 0 15.9128654745 15.8201691708
248 97 10000 100 2048000 2000000000 531643 175420 82 0 30.9982450629 30.8176727616
233 172 10000 100 5120000 2000000000 543135 422620 16 0 75.8559105931 75.4140315023
227 3 10000 101 1024000 2000000000 549349 93020 97 0 14.9995722209 14.9121960721
50 190 10000 100 5120000 2000000000 603807 422620 31 0 68.2337236899 67.8362456878
210 123 10000 100 5120000 2000000000 677397 422620 47 0 60.8210547139 60.4667573078
214 109 10000 101 2048000 2000000000 699110 175420 113 0 23.5728283103 23.4355108638
196 68 10000 100 614400 2000000000 717308 60060 128 0 6.89243672174 6.85228660492
14 131 10000 100 5120000 2000000000 741030 422620 63 0 55.5982888682 55.2744153408
213 4 10000 100 2048000 2000000000 757014 175420 87 0 21.7697426996 21.6429286645
205 67 10000 100 614400 2000000000 804124 60060 148 0 6.14830548522 6.11249011347
91 191 10000 100 5120000 2000000000 813235 422620 82 0 50.6618628072 50.3667451598
216 103 10000 101 5120000 2000000000 947951 422620 107 0 43.4621620738 43.2089844306
87 0 10000 100 2048000 2000000000 965828 175420 174 0 17.0630795545 16.9636829746
200 111 10000 100 5120000 2000000000 1112575 422620 87 0 37.031211379 36.8154955846
47 136 10000 100 5120000 2000000000 1353654 422620 218 0 30.4361380382 30.2588401467
204 135 10000 100 12288000 2000000000 2181032 999420 251 0 45.3363361931 45.0722410309
16 245 10000 100 12288000 2000000000 2289597 999420 263 0 43.1866393955 42.9350667388
172 241 10000 101 12288000 2000000000 2353640 999420 291 0 42.0115225778 41.7667952618
151 250 10000 100 12288000 2000000000 2402992 999420 310 0 41.1487012857 40.9090001132
191 68 10000 101 12288000 2000000000 2486208 999420 297 0 39.7714109198 39.5397327979
19 13 10000 101 12288000 2000000000 2691696 999420 370 0 36.7352033811 36.5212119051
203 2 10000 100 2048000 2000000000 2787289 175420 555 0 5.91255517458 5.8781131056
123 134 10000 100 25600000 2000000000 3055490 2070620 175 0 67.4196282757 67.026892577
64 174 10000 101 25600000 2000000000 3269585 2070620 220 0 63.0049379355 62.6379188796
177 16 10000 100 25600000 2000000000 3804238 2070620 344 0 54.1501346656 53.8346969879
165 22 10000 100 25600000 2000000000 3846042 2070620 374 0 53.5615575701 53.2495484969
44 206 10000 101 25600000 2000000000 3925427 2070620 364 0 52.4783673216 52.1726680945
226 155 10000 100 25600000 2000000000 3946027 2070620 374 0 52.2044071163 51.9003037739
28 209 10000 100 25600000 2000000000 4131250 2070620 426 0 49.8638426626 49.5733736762
194 64 10000 100 12288000 2000000000 4380558 999420 741 0 22.5724667953 22.4409766975
199 33 10000 100 12288000 2000000000 4464066 999420 744 0 22.1502101447 22.0211797944
170 70 10000 100 25600000 2000000000 5022572 2070620 645 0 41.0148425946 40.7759211814
124 253 10000 100 43008000 2000000000 5606197 3471420 415 0 61.7316872739 61.3720852121
2 128 10000 100 43008000 2000000000 5606558 3471420 415 0 61.7277124396 61.3681335322
145 92 10000 100 43008000 2000000000 5704115 3471420 413 0 60.6719885556 60.3185594961
133 234 10000 102 43008000 2000000000 5896636 3471420 436 0 58.6910909881 58.3492011377
6 225 10000 100 43008000 2000000000 6456947 3471420 588 0 53.5980859065 53.2858640469
211 40 10000 102 43008000 2000000000 6599508 3471420 618 0 52.4402728203 52.1347955029
37 111 10000 101 43008000 2000000000 7177062 3471420 715 0 48.220288469 47.9393935847
33 148 10000 100 43008000 2000000000 7223608 3471420 818 0 47.9095764886 47.6304915771
221 57 10000 100 128000000 2000000000 18392989 10310620 1587 0 55.9995985427 55.673387289
38 187 10000 100 128000000 2000000000 18793863 10310620 1694 0 54.8051244175 54.4858712655
134 4 10000 101 128000000 2000000000 19775883 10310620 1848 0 52.0836414738 51.7802416206
