130 76 10000 100 16384 2000000000 11965 11938 0 0 11.0188048475 10.9546176348
49 146 10000 100 16384 2000000000 11968 11938 0 0 11.0160427807 10.9518716578
112 26 10000 100 16384 2000000000 11981 11938 0 0 11.0040898089 10.9399883148
230 129 10000 100 16384 2000000000 11993 11938 0 0 10.9930792963 10.9290419411
222 51 10000 100 16384 2000000000 12004 11938 0 0 10.9830056648 10.919026991
67 141 10000 100 16384 2000000000 12630 11938 0 0 10.4386381631 10.3778305622
219 37 10000 100 16384 2000000000 12638 11938 0 0 10.4320303846 10.3712612755
164 30 10000 100 16384 2000000000 12677 11938 0 0 10.3999368936 10.3393547369
31 206 10000 100 16384 2000000000 13276 11938 0 0 9.93070201868 9.87285326906
40 205 10000 100 16384 2000000000 13294 11938 0 0 9.91725590492 9.85948548217
160 115 10000 100 16384 2000000000 13305 11938 0 0 9.90905674558 9.85133408493
77 212 10000 100 16384 2000000000 13305 11938 0 0 9.90905674558 9.85133408493
88 7 10000 100 16384 2000000000 13328 11938 0 0 9.89195678271 9.83433373349
243 13 10000 100 16384 2000000000 13946 11938 0 0 9.45360676897 9.39853721497
13 216 10000 100 16384 2000000000 13951 11938 0 0 9.45021862232 9.3951688051
183 1 10000 100 16384 2000000000 13962 11938 0 0 9.44277324166 9.38776679559
58 222 10000 100 40960 2000000000 14652 13916 0 0 22.4952224952 22.3641823642
217 49 10000 100 40960 2000000000 14652 13916 0 0 22.4952224952 22.3641823642
75 178 10000 100 40960 2000000000 14652 13916 0 0 22.4952224952 22.3641823642
60 254 10000 100 40960 2000000000 14668 13916 0 0 22.4706844832 22.3397872921
232 103 10000 100 16384 2000000000 15275 11938 0 0 8.63109656301 8.58081833061
136 12 10000 100 40960 2000000000 15293 13916 0 0 21.5523442098 21.4267965736
167 203 10000 100 40960 2000000000 15301 13916 0 0 21.5410757467 21.415593752
137 15 10000 100 40960 2000000000 15302 13916 0 0 21.5396680173 21.414194223
92 224 10000 100 40960 2000000000 15314 13916 0 0 21.5227896043 21.3974141309
148 216 10000 101 40960 2000000000 15314 13916 0 0 21.5227896043 21.3974141309
190 28 10000 100 40960 2000000000 15324 13916 0 0 21.5087444531 21.3834507961
53 3 10000 100 40960 2000000000 15932 13916 0 0 20.6879236756 20.5674114989
1 72 10000 100 40960 2000000000 15981 13916 0 0 20.6244915838 20.5043489143
70 241 10000 100 40960 2000000000 15985 13916 0 0 20.6193306225 20.4992180169
84 181 10000 100 40960 2000000000 17264 13916 0 0 19.0917516219 18.9805375348
154 19 10000 100 40960 2000000000 17266 13916 0 0 19.0895401367 18.978338932
74 234 10000 100 40960 2000000000 20693 13916 0 0 15.9280916252 15.8353066254
189 40 10000 100 40960 2000000000 21272 13916 0 0 15.4945468221 15.4042873261
153 21 10000 100 204800 2000000000 27957 27100 0 0 58.9476696355 58.6042851522
166 46 10000 100 204800 2000000000 27992 27100 0 0 58.8739639897 58.5310088597
195 61 10000 100 204800 2000000000 28014 27100 0 0 58.8277289926 58.4850431927
104 176 10000 100 204800 2000000000 28110 27100 0 0 58.6268231946 58.2853077197
235 98 10000 100 204800 2000000000 28703 27100 0 0 57.4156011567 57.0811413441
89 162 10000 100 204800 2000000000 29366 27100 0 0 56.1193216645 55.7924129946
98 197 10000 100 204800 2000000000 29995 27100 0 0 54.9424904151 54.6224370728
32 116 10000 100 204800 2000000000 30101 27100 0 0 54.7490116607 54.4300853792
150 233 10000 100 204800 2000000000 30561 27100 0 0 53.9249370112 53.6108111646
27 184 10000 100 204800 2000000000 30773 27100 0 0 53.5534397036 53.241477919
205 67 10000 100 204800 2000000000 40490 27100 0 0 40.701407755 40.4643121758
62 109 10000 100 204800 2000000000 42460 27100 0 0 38.813000471 38.5869053227
142 45 10000 100 204800 2000000000 42737 27100 0 0 38.5614338863 38.3368041744
103 232 10000 100 204800 2000000000 44707 27100 0 0 36.8622363388 36.647504865
196 68 10000 100 204800 2000000000 48277 27100 0 0 34.1363382149 33.9374857593
10 255 10000 100 204800 2000000000 52947 27100 0 0 31.1254650877 30.9441516989
35 255 10000 101 204800 2000000000 57020 27100 0 0 28.9021396001 28.7337776219
86 212 10000 101 614400 2000000000 64664 60060 0 0 76.4567611036 76.0113819127
231 75 10000 100 614400 2000000000 64948 60060 0 0 76.1224364107 75.6790047423
57 252 10000 100 614400 2000000000 65758 60060 0 0 75.1847683932 74.7467988686
106 251 10000 100 614400 2000000000 66040 60060 0 0 74.8637189582 74.4276196245
0 124 10000 100 614400 2000000000 66272 60060 0 0 74.601641719 74.1670690488
227 3 10000 101 614400 2000000000 66567 60060 0 0 74.2710351976 73.8383883906
225 56 10000 100 614400 2000000000 71417 60060 0 0 69.2272148088 68.8239494798
15 232 10000 101 614400 2000000000 77281 60060 0 0 63.9743274544 63.6016614692
110 20 10000 100 614400 2000000000 83485 60060 0 0 59.2202192011 58.8752470504
233 172 10000 100 1024000 2000000000 100280 93020 0 0 82.1699242122 81.6912644595
4 167 10000 100 1024000 2000000000 100291 93020 0 0 82.1609117468 81.6823044939
14 131 10000 100 1024000 2000000000 100417 93020 0 0 82.0578188952 81.5798121832
248 97 10000 100 1024000 2000000000 100531 93020 0 0 81.9647670868 81.4873024241
50 190 10000 100 1024000 2000000000 100882 93020 0 0 81.679586051 81.2037826371
19 13 10000 101 1024000 2000000000 101610 93020 0 0 81.0943804744 80.621986025
210 123 10000 100 1024000 2000000000 101635 93020 0 0 81.0744330201 80.6021547695
79 221 10000 100 614400 2000000000 102969 60060 0 0 48.0144509513 47.7347551205
99 174 10000 100 614400 2000000000 110167 60060 0 0 44.8773226102 44.6159013135
42 249 10000 100 614400 2000000000 111308 60060 0 0 44.4172925576 44.1585510475
163 40 10000 101 614400 2000000000 111330 60060 0 0 44.408515225 44.1498248451
244 19 10000 101 614400 2000000000 111644 60060 0 0 44.2836157787 44.0256529684
214 109 10000 101 1024000 2000000000 116551 93020 0 0 70.6986641041 70.2868272258
47 136 10000 100 1024000 2000000000 118258 93020 0 0 69.6781613083 69.2722691065
11 189 10000 100 614400 2000000000 123951 60060 0 0 39.8867294334 39.6543795532
194 64 10000 100 1024000 2000000000 125665 93020 0 0 65.5711614212 65.1891934906
87 0 10000 100 1024000 2000000000 128508 93020 0 0 64.1205216796 63.7470040776
116 234 10000 101 614400 2000000000 135196 60060 0 0 36.5691292642 36.3561052102
203 2 10000 100 1024000 2000000000 140259 93020 0 0 58.7484582095 58.4062341811
213 4 10000 100 614400 2000000000 175157 60060 0 0 28.2261057223 28.0616818055
216 103 10000 101 1024000 2000000000 177708 93020 0 0 46.3681995183 46.0980935017
91 191 10000 100 1024000 2000000000 181679 93020 0 0 45.3547190374 45.0905167906
28 209 10000 100 2048000 2000000000 190529 175420 0 0 86.4960189787 85.992158674
16 245 10000 100 2048000 2000000000 191326 175420 0 0 86.1357055497 85.6339441581
123 134 10000 100 2048000 2000000000 192212 175420 0 0 85.738663559 85.2392150334
170 70 10000 100 2048000 2000000000 193982 175420 0 0 84.9563361549 84.4614448763
177 16 10000 100 2048000 2000000000 195052 175420 0 0 84.4902897689 83.9981133236
44 206 10000 101 2048000 2000000000 208314 175420 0 0 79.1113415325 78.6504987663
204 135 10000 100 2048000 2000000000 214116 175420 1 0 76.9676250257 76.5192699285
172 241 10000 101 2048000 2000000000 223563 175420 0 0 73.7152391049 73.285829945
151 250 10000 100 1024000 2000000000 235382 93020 1 0 35.0069249135 34.8030010791
191 68 10000 101 2048000 2000000000 236571 175420 1 0 69.661961948 69.2561641114
199 33 10000 100 1024000 2000000000 280814 93020 0 0 29.3432663614 29.1723347127
200 111 10000 100 1024000 2000000000 316481 93020 0 0 26.036318136 25.8846502634
165 22 10000 100 2048000 2000000000 346542 175420 1 0 47.5555632506 47.2785405521
221 57 10000 100 5120000 2000000000 466492 422620 0 0 88.3187707399 87.8042924638
226 155 10000 100 5120000 2000000000 481175 422620 1 0 85.6237335689 85.1249545384
145 92 10000 100 5120000 2000000000 483502 422620 1 0 85.2116433851 84.71526488
2 128 10000 100 5120000 2000000000 483533 422620 1 0 85.2061803434 84.7098336618
124 253 10000 100 5120000 2000000000 489821 422620 1 0 84.1123594129 83.6223845037
33 148 10000 100 5120000 2000000000 502312 422620 1 0 82.0207361162 81.5429454204
6 225 10000 100 5120000 2000000000 503530 422620 3 0 81.8223343197 81.3456993625
133 234 10000 102 5120000 2000000000 529492 422620 0 0 77.8104296193 77.3571649808
211 40 10000 102 5120000 2000000000 545611 422620 1 0 75.5116740682 75.0718002386
64 174 10000 101 2048000 2000000000 595642 175420 2 0 27.6676258558 27.5064552197
37 111 10000 101 5120000 2000000000 985688 422620 2 0 41.7982160684 41.5547313146
134 4 10000 101 5120000 2000000000 1000474 422620 2 0 41.1804804523 40.9405941584
187 159 10000 100 12288000 2000000000 1198733 999420 5 0 82.487092622 82.0065852863
236 52 10000 100 12288000 2000000000 1201411 999420 6 0 82.3032251245 81.8237888616
173 221 10000 101 12288000 2000000000 1243275 999420 3 0 79.5318815226 79.0685890089
212 5 10000 100 12288000 2000000000 1249707 999420 6 0 79.1225463249 78.661638288
38 187 10000 100 12288000 2000000000 1277489 999420 9 0 77.4018406421 76.9509561335
30 249 10000 101 12288000 2000000000 1328327 999420 9 0 74.4395017191 74.0058735537
251 140 10000 100 12288000 2000000000 1385495 999420 19 0 71.3679948322 70.9522589399
174 19 10000 102 12288000 2000000000 1485028 999420 10 0 66.5846031186 66.1967316441
72 188 10000 100 12288000 2000000000 1598745 999420 10 0 61.8485124269 61.4882298303
20 250 10000 101 12288000 2000000000 2139729 999420 6 0 46.2114594886 45.9422665207
96 6 10000 100 25600000 2000000000 2529967 2070620 14 0 81.4239869532 80.9496724661
144 33 10000 101 12288000 2000000000 2545673 999420 6 0 38.8423807771 38.6161144813
54 189 10000 101 25600000 2000000000 2550744 2070620 12 0 80.7607505888 80.2902996145
192 14 10000 100 25600000 2000000000 2583010 2070620 18 0 79.7519173368 79.287343061
176 63 10000 100 25600000 2000000000 2607619 2070620 18 0 78.9992709825 78.5390810544
46 181 10000 101 25600000 2000000000 2634548 2070620 23 0 78.1917809051 77.7362948028
113 30 10000 101 25600000 2000000000 2674063 2070620 24 0 77.0363301089 76.5875747879
201 103 10000 102 25600000 2000000000 2796580 2070620 26 0 73.6614007109 73.2323051727
140 102 10000 100 25600000 2000000000 2845871 2070620 14 0 72.3855719391 71.9639084133
185 111 10000 102 25600000 2000000000 2996057 2070620 14 0 68.7570363314 68.3565099062
215 31 10000 100 25600000 2000000000 3122334 2070620 26 0 65.9762856888 65.591957811
107 22 10000 101 25600000 2000000000 3133953 2070620 20 0 65.7316813622 65.3487783639
207 156 10000 100 43008000 2000000000 4338004 3471420 30 0 79.7786262991 79.3138964372
175 89 10000 100 43008000 2000000000 4401039 3471420 34 0 78.635976641 78.1779029906
115 45 10000 101 43008000 2000000000 4474430 3471420 34 0 77.3461647629 76.8956045798
184 4 10000 102 43008000 2000000000 4602747 3471420 20 0 75.1898811731 74.7518818653
152 201 10000 100 43008000 2000000000 4624618 3471420 27 0 74.8342890159 74.3983611187
247 191 10000 101 43008000 2000000000 4664272 3471420 24 0 74.1980742118 73.7658524203
59 130 10000 100 43008000 2000000000 4707084 3471420 40 0 73.5232258443 73.0949352083
83 217 10000 100 43008000 2000000000 4990557 3471420 35 0 69.3469686851 68.9430057607
202 185 10000 100 43008000 2000000000 5031878 3471420 35 0 68.7775021572 68.3768565136
241 33 10000 102 43008000 2000000000 5310204 3471420 25 0 65.1726374354 64.7929910037
129 250 10000 102 43008000 2000000000 5437364 3471420 38 0 63.6484884955 63.2777206014
45 1 10000 101 128000000 2000000000 12936947 10310620 97 0 79.616929713 79.1531417729
240 24 10000 100 128000000 2000000000 13258140 10310620 77 0 77.6881221649 77.235569997
25 255 10000 102 128000000 2000000000 13365930 10310620 107 0 77.0616036445 76.612701099
5 66 10000 100 128000000 2000000000 14278314 10310620 101 0 72.1373685997 71.7171509185
