230 129 10000 100 16384 2000000000 20342 11938 0 0 6.48117195949 6.44341755973
112 26 10000 100 16384 2000000000 20342 11938 0 0 6.48117195949 6.44341755973
219 37 10000 100 16384 2000000000 20342 11938 0 0 6.48117195949 6.44341755973
49 146 10000 100 16384 2000000000 20342 11938 0 0 6.48117195949 6.44341755973
84 181 10000 100 16384 2000000000 20350 11938 0 0 6.47862407862 6.44088452088
130 76 10000 100 16384 2000000000 20558 11938 0 0 6.41307520187 6.37571748225
31 206 10000 100 16384 2000000000 20627 11938 0 0 6.39162263053 6.35438987735
160 115 10000 100 16384 2000000000 21004 11938 0 0 6.27689963816 6.24033517425
67 141 10000 100 16384 2000000000 21004 11938 0 0 6.27689963816 6.24033517425
77 212 10000 100 16384 2000000000 21004 11938 0 0 6.27689963816 6.24033517425
40 205 10000 100 16384 2000000000 21238 11938 0 0 6.20774084189 6.17157924475
222 51 10000 100 16384 2000000000 21666 11938 0 0 6.08511031109 6.04966306656
164 30 10000 100 16384 2000000000 21666 11938 0 0 6.08511031109 6.04966306656
243 13 10000 100 16384 2000000000 21666 11938 0 0 6.08511031109 6.04966306656
13 216 10000 100 16384 2000000000 21666 11938 0 0 6.08511031109 6.04966306656
1 72 10000 100 16384 2000000000 22328 11938 0 0 5.90469365819 5.87029738445
88 7 10000 100 16384 2000000000 22328 11938 0 0 5.90469365819 5.87029738445
183 1 10000 100 16384 2000000000 22328 11938 0 0 5.90469365819 5.87029738445
89 162 10000 100 40960 2000000000 22990 13916 1 0 14.3366681166 14.253153545
190 28 10000 100 40960 2000000000 22998 13916 0 0 14.3316810157 14.2481954953
217 49 10000 100 40960 2000000000 22998 13916 0 0 14.3316810157 14.2481954953
153 21 10000 100 40960 2000000000 22998 13916 0 0 14.3316810157 14.2481954953
232 103 10000 100 16384 2000000000 23224 11938 0 0 5.67688598002 5.6438167413
136 12 10000 100 40960 2000000000 23307 13916 1 0 14.1416741751 14.0592954906
137 15 10000 100 40960 2000000000 23652 13916 0 0 13.9353965838 13.8542195163
75 178 10000 100 40960 2000000000 23652 13916 1 0 13.9353965838 13.8542195163
58 222 10000 100 40960 2000000000 23652 13916 0 0 13.9353965838 13.8542195163
167 203 10000 100 40960 2000000000 23652 13916 0 0 13.9353965838 13.8542195163
53 3 10000 100 40960 2000000000 23660 13916 0 0 13.9306846999 13.8495350803
148 216 10000 101 40960 2000000000 23660 13916 0 0 13.9306846999 13.8495350803
92 224 10000 100 40960 2000000000 24314 13916 0 0 13.5559759809 13.4770091305
154 19 10000 100 40960 2000000000 25992 13916 0 0 12.6808248692 12.6069559865
60 254 10000 100 40960 2000000000 26962 13916 0 0 12.2246124175 12.153401083
27 184 10000 100 40960 2000000000 27022 13916 0 0 12.1974687292 12.1264155133
70 241 10000 100 40960 2000000000 27660 13916 0 0 11.9161243673 11.8467100506
10 255 10000 100 40960 2000000000 29000 13916 0 0 11.3655172414 11.2993103448
189 40 10000 100 40960 2000000000 29221 13916 0 0 11.2795592211 11.2138530509
74 234 10000 100 40960 2000000000 29678 13916 1 0 11.1058696678 11.0411752814
150 233 10000 100 204800 2000000000 46100 27100 0 0 35.748373102 35.5401301518
235 98 10000 100 204800 2000000000 46658 27100 0 0 35.3208452998 35.1150928029
0 124 10000 100 204800 2000000000 47322 27100 0 0 34.8252398462 34.6223743713
32 116 10000 100 204800 2000000000 47544 27100 0 0 34.6626283022 34.4607100791
98 197 10000 100 204800 2000000000 48018 27100 0 0 34.3204631596 34.1205381315
104 176 10000 100 204800 2000000000 48311 27100 0 0 34.1123139658 33.9136014572
225 56 10000 100 204800 2000000000 48672 27100 4 0 33.8593030901 33.6620644313
195 61 10000 100 204800 2000000000 49962 27100 9 0 32.9850686522 32.7929226212
11 189 10000 100 204800 2000000000 50197 27100 0 0 32.8306472498 32.639400761
166 46 10000 100 204800 2000000000 50357 27100 0 0 32.7263339754 32.5356951367
205 67 10000 100 204800 2000000000 50475 27100 0 0 32.6498266469 32.4596334819
15 232 10000 101 204800 2000000000 50926 27100 0 0 32.3606802026 32.1721713859
142 45 10000 100 204800 2000000000 53164 27100 0 0 30.9984199834 30.8178466632
103 232 10000 100 204800 2000000000 54341 27100 0 0 30.3270090723 30.1503468836
62 109 10000 100 204800 2000000000 54757 27100 8 0 30.0966086528 29.9212886024
244 19 10000 101 204800 2000000000 55882 27100 0 0 29.4907125729 29.3189220142
116 234 10000 101 204800 2000000000 60062 27100 5 0 27.4383137425 27.2784789051
196 68 10000 100 204800 2000000000 60663 27100 0 0 27.1664770948 27.0082257719
35 255 10000 101 204800 2000000000 73964 27100 3 0 22.2811097291 22.1513168568
14 131 10000 100 614400 2000000000 104955 60060 2 0 47.1059025297 46.8314992139
231 75 10000 100 614400 2000000000 105255 60060 0 0 46.9716403021 46.6980190965
248 97 10000 100 614400 2000000000 107814 60060 0 0 45.8567532973 45.5896265791
110 20 10000 100 614400 2000000000 108113 60060 0 0 45.7299307206 45.4635427747
4 167 10000 100 614400 2000000000 108247 60060 0 0 45.6733212006 45.4072630188
47 136 10000 100 614400 2000000000 108530 60060 0 0 45.5542246383 45.288860223
87 0 10000 100 614400 2000000000 108574 60060 0 0 45.5357636267 45.2705067512
227 3 10000 101 614400 2000000000 109396 60060 6 0 45.1936085414 44.9303448024
203 2 10000 100 614400 2000000000 110763 60060 0 0 44.6358440996 44.3758294737
86 212 10000 101 614400 2000000000 111792 60060 0 0 44.2249892658 43.9673679691
214 109 10000 101 614400 2000000000 112301 60060 6 0 44.0245411884 43.7680875504
99 174 10000 100 614400 2000000000 118298 60060 0 0 41.7927606553 41.5493076806
163 40 10000 101 614400 2000000000 119668 60060 0 0 41.3143029047 41.0736370625
79 221 10000 100 614400 2000000000 124149 60060 0 0 39.8231157722 39.591136457
216 103 10000 101 614400 2000000000 129371 60060 0 0 38.215674301 37.9930587226
42 249 10000 100 614400 2000000000 129544 60060 0 0 38.1646390416 37.9423207559
57 252 10000 100 614400 2000000000 153196 60060 0 0 32.2723830909 32.0843886263
233 172 10000 100 1024000 2000000000 159374 93020 0 0 51.7022851908 51.4011068305
106 251 10000 100 614400 2000000000 159718 60060 0 0 30.9545574074 30.7742395973
50 190 10000 100 1024000 2000000000 161313 93020 0 0 51.080818037 50.7832598737
170 70 10000 100 1024000 2000000000 162403 93020 0 0 50.7379789782 50.4424179356
123 134 10000 100 1024000 2000000000 163267 93020 0 0 50.4694763792 50.1754794294
194 64 10000 100 1024000 2000000000 165376 93020 0 0 49.8258513932 49.5356037152
19 13 10000 101 1024000 2000000000 165881 93020 0 0 49.6741640091 49.3847999469
16 245 10000 100 1024000 2000000000 166284 93020 0 0 49.5537754685 49.2651126988
28 209 10000 100 1024000 2000000000 168692 93020 23 0 48.8464183245 48.5618760819
44 206 10000 101 1024000 2000000000 168694 93020 21 0 48.8458392118 48.5613003426
191 68 10000 101 1024000 2000000000 168999 93020 0 0 48.7576849567 48.4736596075
213 4 10000 100 614400 2000000000 182759 60060 0 0 27.052019326 26.8944347474
210 123 10000 100 1024000 2000000000 184083 93020 0 0 44.7624169532 44.5016650098
204 135 10000 100 1024000 2000000000 185115 93020 0 0 44.5128703779 44.2535721038
64 174 10000 101 1024000 2000000000 189070 93020 0 0 43.5817422119 43.3278679854
91 191 10000 100 1024000 2000000000 194995 93020 0 0 42.2574937819 42.0113336239
172 241 10000 101 1024000 2000000000 245230 93020 0 0 33.6011091628 33.4053745463
145 92 10000 100 2048000 2000000000 268702 175420 0 0 61.3318843924 60.9746112794
200 111 10000 100 1024000 2000000000 269170 93020 3 0 30.6126239923 30.4342980273
6 225 10000 100 2048000 2000000000 271030 175420 0 0 60.8050769288 60.4508725971
226 155 10000 100 2048000 2000000000 271678 175420 0 0 60.660046084 60.3066865922
177 16 10000 100 2048000 2000000000 271903 175420 0 0 60.6098498362 60.2567827497
221 57 10000 100 2048000 2000000000 273621 175420 0 0 60.2292952661 59.8784450024
133 234 10000 102 2048000 2000000000 277506 175420 4 0 59.3861033635 59.0401648973
199 33 10000 100 1024000 2000000000 302171 93020 0 0 27.2693276324 27.1104771801
151 250 10000 100 1024000 2000000000 308867 93020 9 0 26.6781494948 26.5227427987
2 128 10000 100 2048000 2000000000 342604 175420 59 0 48.1021821111 47.821975225
124 253 10000 100 2048000 2000000000 409947 175420 41 0 40.2003185778 39.9661419647
37 111 10000 101 2048000 2000000000 482430 175420 0 0 34.1603963269 33.961403727
165 22 10000 100 1024000 2000000000 539592 93020 14 0 15.2707971949 15.1818410948
38 187 10000 100 5120000 2000000000 556543 422620 0 0 74.0284218829 73.5971883574
33 148 10000 100 2048000 2000000000 622071 175420 12 0 26.492152825 26.3378296047
134 4 10000 101 2048000 2000000000 867218 175420 1 0 19.0032955958 18.8925967865
187 159 10000 100 5120000 2000000000 912374 422620 28 0 45.156920298 44.8938702769
174 19 10000 102 5120000 2000000000 926260 422620 28 0 44.4799516335 44.2208451191
20 250 10000 101 5120000 2000000000 1124247 422620 89 0 36.6467511143 36.4332748942
192 14 10000 100 12288000 2000000000 1296524 999420 54 0 76.26546057 75.8211957511
212 5 10000 100 5120000 2000000000 1371746 422620 44 0 30.0347148816 29.8597553775
113 30 10000 101 12288000 2000000000 1412522 999420 32 0 70.0024495194 69.59466826
176 63 10000 100 12288000 2000000000 1432346 999420 204 0 69.0335994236 68.6314619512
72 188 10000 100 5120000 2000000000 1631168 422620 76 0 25.2579746537 25.1108408208
236 52 10000 100 5120000 2000000000 1634661 422620 77 0 25.2040025424 25.0571831101
251 140 10000 100 5120000 2000000000 1641073 422620 77 0 25.1055254702 24.9592796908
173 221 10000 101 5120000 2000000000 1670141 422620 80 0 24.6685758867 24.5248754446
30 249 10000 101 5120000 2000000000 1703765 422620 80 0 24.1817386787 24.0408741816
211 40 10000 102 2048000 2000000000 1765667 175420 64 0 9.33358328609 9.27921289802
54 189 10000 101 12288000 2000000000 1980149 999420 54 0 49.9356361567 49.6447489558
144 33 10000 101 5120000 2000000000 2387804 422620 65 0 17.2543475093 17.1538367471
83 217 10000 100 25600000 2000000000 2894883 2070620 231 0 71.1600434284 70.7455189035
215 31 10000 100 5120000 2000000000 3096851 422620 139 0 13.3038367038 13.2263386259
46 181 10000 101 12288000 2000000000 3386135 999420 158 0 29.201434674 29.0313292293
107 22 10000 101 12288000 2000000000 3455778 999420 152 0 28.6129490957 28.4462717223
247 191 10000 101 25600000 2000000000 3461711 2070620 209 0 59.5081449607 59.1614955726
96 6 10000 100 12288000 2000000000 3717995 999420 188 0 26.5949792832 26.4400570738
140 102 10000 100 12288000 2000000000 3748579 999420 185 0 26.3779955018 26.2243372755
25 255 10000 102 25600000 2000000000 3751504 2070620 396 0 54.9113102372 54.5914385271
241 33 10000 102 25600000 2000000000 4054956 2070620 210 0 50.8020308975 50.5060967369
129 250 10000 102 12288000 2000000000 4379793 999420 183 0 22.576409433 22.4448963684
240 24 10000 100 43008000 2000000000 4456631 3471420 517 0 77.6550717347 77.2027120935
115 45 10000 101 12288000 2000000000 4480420 999420 218 0 22.069359569 21.9408001928
201 103 10000 102 12288000 2000000000 4546966 999420 232 0 21.7463688974 21.6196910203
94 132 10000 100 43008000 2000000000 5130973 3471420 1160 0 67.4491953086 67.0562873747
239 46 10000 101 43008000 2000000000 5349566 3471420 790 0 64.6930984682 64.3162454674
179 254 10000 101 43008000 2000000000 5368794 3471420 1015 0 64.4614041813 64.0859008559
102 247 10000 100 43008000 2000000000 5373428 3471420 695 0 64.4058131978 64.0306337035
185 111 10000 102 12288000 2000000000 6151050 999420 303 0 16.0753042164 15.9816616675
184 4 10000 102 25600000 2000000000 6218231 2070620 238 0 33.1283929465 32.9354120167
152 201 10000 100 25600000 2000000000 6413699 2070620 292 0 32.1187508176 31.9316512983
207 156 10000 100 25600000 2000000000 7102901 2070620 331 0 29.0022344391 28.8332893842
175 89 10000 100 25600000 2000000000 7103191 2070620 342 0 29.001050373 28.8321122155
45 1 10000 101 25600000 2000000000 8204433 2070620 424 0 25.1083773857 24.9621149932
26 123 10000 101 43008000 2000000000 9095056 3471420 373 0 38.051442454 37.8297835659
202 185 10000 100 25600000 2000000000 9300642 2070620 485 0 22.1490086383 22.019985287
59 130 10000 100 25600000 2000000000 9381304 2070620 503 0 21.9585678068 21.8306538196
5 66 10000 100 25600000 2000000000 9584193 2070620 528 0 21.4937240934 21.3685179336
198 117 10000 100 43008000 2000000000 11175370 3471420 531 0 30.9681021747 30.787705463
114 244 10000 100 43008000 2000000000 12466634 3471420 603 0 27.7605005489 27.5987888952
224 55 10000 100 43008000 2000000000 13670690 3471420 721 0 25.3154742006 25.1680054189
220 141 10000 101 43008000 2000000000 14070514 3471420 730 0 24.5961163892 24.4528380413
43 220 10000 100 43008000 2000000000 15165972 3471420 805 0 22.819506722 22.6865775567
52 255 10000 103 43008000 2000000000 16340136 3471420 730 0 21.1797502787 21.0563730926
68 213 10000 100 128000000 2000000000 31517696 10310620 1448 0 32.6800537704 32.4896845252
29 184 10000 101 128000000 2000000000 37558336 10310620 1916 0 27.4240051529 27.2642536666
48 154 10000 100 128000000 2000000000 37889446 10310620 1944 0 27.1843510195 27.0259955767
65 94 10000 100 128000000 2000000000 38292772 10310620 1957 0 26.8980266041 26.7413390705
245 121 10000 100 128000000 2000000000 39778894 10310620 2048 0 25.8931281498 25.7422943936
