230 129 10000 100 16384 2000000000 11342 11938 0 0 11.6240521954 11.55633927
164 30 10000 100 16384 2000000000 11342 11938 0 0 11.6240521954 11.55633927
112 26 10000 100 16384 2000000000 11342 11938 0 0 11.6240521954 11.55633927
67 141 10000 100 16384 2000000000 11970 11938 0 0 11.0142021721 10.9500417711
243 13 10000 100 16384 2000000000 11984 11938 0 0 11.0013351135 10.9372496662
77 212 10000 100 16384 2000000000 12004 11938 0 0 10.9830056648 10.919026991
160 115 10000 100 16384 2000000000 12008 11938 0 0 10.9793471019 10.9153897402
40 205 10000 100 16384 2000000000 13294 11938 0 0 9.91725590492 9.85948548217
49 146 10000 100 40960 2000000000 13328 13916 0 0 24.7298919568 24.5858343337
88 7 10000 100 16384 2000000000 13332 11938 0 0 9.88898889889 9.83138313831
84 181 10000 100 40960 2000000000 13336 13916 0 0 24.7150569886 24.5710857828
219 37 10000 100 40960 2000000000 13344 13916 0 0 24.7002398082 24.5563549161
130 76 10000 100 40960 2000000000 13990 13916 0 0 23.5596854896 23.4224446033
232 103 10000 100 16384 2000000000 14613 11938 0 0 9.02210360638 8.96954766304
183 1 10000 100 40960 2000000000 14624 13916 0 0 22.5382932166 22.4070021882
222 51 10000 100 40960 2000000000 15319 13916 0 0 21.5157647366 21.3904301847
13 216 10000 100 40960 2000000000 15377 13916 0 0 21.434610132 21.3097483254
189 40 10000 100 40960 2000000000 16638 13916 0 0 19.8100733261 19.6946748407
75 178 10000 100 204800 2000000000 27353 27100 0 0 60.2493327971 59.89836581
89 162 10000 100 614400 2000000000 59724 60060 0 0 82.7807916416 82.2985734378
27 184 10000 100 614400 2000000000 59856 60060 0 0 82.5982357658 82.1170809944
31 206 10000 100 40960 2000000000 75378 13916 2 0 4.37262861843 4.34715699541
1 72 10000 100 40960 2000000000 76006 13916 3 0 4.33649975002 4.31123858643
60 254 10000 100 204800 2000000000 97812 27100 16 0 16.8486484276 16.750500961
195 61 10000 100 1024000 2000000000 98138 93020 0 0 83.9633984797 83.4742913041
190 28 10000 100 204800 2000000000 98566 27100 16 0 16.7197613782 16.6223647099
58 222 10000 100 204800 2000000000 98623 27100 16 0 16.7100980502 16.6127576732
167 203 10000 100 204800 2000000000 99323 27100 16 0 16.5923300746 16.4956757247
136 12 10000 100 204800 2000000000 99934 27100 16 0 16.4908839834 16.3948205816
32 116 10000 100 1024000 2000000000 100051 93020 0 0 82.3579974213 81.8782420965
148 216 10000 101 204800 2000000000 100144 27100 16 0 16.4563029238 16.360440965
154 19 10000 100 204800 2000000000 117062 27100 16 0 14.0780099434 13.9960021185
35 255 10000 101 1024000 2000000000 127095 93020 0 0 64.8333923443 64.4557220976
70 241 10000 100 614400 2000000000 131195 60060 16 0 37.6843629711 37.4648424102
217 49 10000 100 614400 2000000000 131676 60060 16 0 37.54670555 37.3279868769
153 21 10000 100 614400 2000000000 131682 60060 16 0 37.5449947601 37.3262860528
142 45 10000 100 614400 2000000000 134302 60060 16 0 36.812556775 36.5981146967
10 255 10000 100 614400 2000000000 156050 60060 16 0 31.682153156 31.4975969241
166 46 10000 100 1024000 2000000000 165453 93020 16 0 49.8026629919 49.512550392
104 176 10000 100 1024000 2000000000 166680 93020 16 0 49.4360451164 49.1480681545
235 98 10000 100 1024000 2000000000 167942 93020 16 0 49.0645580022 48.7787450429
92 224 10000 100 204800 2000000000 171928 27100 24 0 9.58540784514 9.52957051789
62 109 10000 100 1024000 2000000000 196932 93020 16 0 41.841854041 41.5981150854
74 234 10000 100 204800 2000000000 197586 27100 32 0 8.34067190995 8.29208547164
137 15 10000 100 614400 2000000000 201739 60060 32 0 24.5069123967 24.3641536837
150 233 10000 100 614400 2000000000 202320 60060 32 0 24.4365361803 24.2941874259
53 3 10000 100 614400 2000000000 227559 60060 32 0 21.7262336361 21.5996730518
11 189 10000 100 2048000 2000000000 258357 175420 16 0 63.7877046103 63.4161257485
225 56 10000 100 2048000 2000000000 260797 175420 16 0 63.1909109384 62.8228085446
98 197 10000 100 2048000 2000000000 328646 175420 32 0 50.1451409724 49.853033355
116 234 10000 101 2048000 2000000000 431118 175420 49 0 38.2261932928 38.0035164387
15 232 10000 101 2048000 2000000000 461545 175420 31 0 35.7061608294 35.498163776
110 20 10000 100 5120000 2000000000 463573 422620 0 0 88.8748913332 88.3571735196
0 124 10000 100 2048000 2000000000 468893 175420 62 0 35.1466112738 34.9418737324
103 232 10000 100 1024000 2000000000 471446 93020 64 0 17.4781417172 17.3763272994
99 174 10000 100 5120000 2000000000 529017 422620 17 0 77.8802949622 77.426623341
42 249 10000 100 5120000 2000000000 600787 422620 31 0 68.576716873 68.1772408524
231 75 10000 100 5120000 2000000000 605053 422620 31 0 68.0932083636 67.6965488974
244 19 10000 101 5120000 2000000000 687450 422620 44 0 59.9316313914 59.582515092
227 3 10000 101 5120000 2000000000 979918 422620 110 0 42.0443343219 41.7994158695
163 40 10000 101 12288000 2000000000 1172161 999420 15 0 84.3570123899 83.8656123178
196 68 10000 100 1024000 2000000000 1383969 93020 268 0 5.9538905857 5.91920772792
106 251 10000 100 12288000 2000000000 1449203 999420 76 0 68.2306067542 67.833146909
79 221 10000 100 12288000 2000000000 1588009 999420 108 0 62.2666496223 61.9039312749
205 67 10000 100 1024000 2000000000 1620383 93020 309 0 5.08521750722 5.05559488096
57 252 10000 100 12288000 2000000000 1726818 999420 140 0 57.261390604 56.9278291053
86 212 10000 101 12288000 2000000000 1861491 999420 173 0 53.1187096795 52.8092803027
213 4 10000 100 12288000 2000000000 1891851 999420 168 0 52.2662725553 51.9618088317
4 167 10000 100 25600000 2000000000 3380151 2070620 253 0 60.944022915 60.5890091892
87 0 10000 100 25600000 2000000000 3386757 2070620 253 0 60.8251492504 60.4708279927
14 131 10000 100 25600000 2000000000 3435802 2070620 275 0 59.9568892503 59.6076258178
248 97 10000 100 25600000 2000000000 5232345 2070620 704 0 39.3704925803 39.1411499051
214 109 10000 101 25600000 2000000000 5622386 2070620 771 0 36.6392488883 36.4258163705
47 136 10000 100 43008000 2000000000 5693168 3471420 415 0 60.7886505369 60.434541893
91 191 10000 100 43008000 2000000000 5800569 3471420 447 0 59.6631123602 59.3155602493
50 190 10000 100 43008000 2000000000 5820815 3471420 442 0 59.4555916998 59.1092484472
210 123 10000 100 43008000 2000000000 6299220 3471420 567 0 54.9401354453 54.6200958214
200 111 10000 100 43008000 2000000000 6973818 3471420 734 0 49.625613975 49.3365327286
216 103 10000 101 43008000 2000000000 7597261 3471420 864 0 45.5532592601 45.2879004683
233 172 10000 100 128000000 2000000000 19433302 10310620 1862 0 53.0018007233 52.6930523696
203 2 10000 100 25600000 2000000000 44042383 2070620 9269 0 4.6773127603 4.6500662782
194 64 10000 100 128000000 2000000000 57827949 10310620 11002 0 17.8114565329 17.7077004754
199 33 10000 100 128000000 2000000000 59955146 10310620 11342 0 17.1795094953 17.0794346827
