164 30 10000 100 16384 2000000000 11342 11938 0 0 11.6240521954 11.55633927
67 141 10000 100 16384 2000000000 11970 11938 0 0 11.0142021721 10.9500417711
160 115 10000 100 16384 2000000000 12008 11938 0 0 10.9793471019 10.9153897402
230 129 10000 100 16384 2000000000 12622 11938 0 0 10.4452543179 10.3844081762
232 103 10000 100 16384 2000000000 13289 11938 0 0 9.92098728272 9.86319512379
40 205 10000 100 16384 2000000000 13294 11938 0 0 9.91725590492 9.85948548217
77 212 10000 100 40960 2000000000 13328 13916 0 0 24.7298919568 24.5858343337
219 37 10000 100 40960 2000000000 13336 13916 0 0 24.7150569886 24.5710857828
112 26 10000 100 40960 2000000000 13990 13916 0 0 23.5596854896 23.4224446033
88 7 10000 100 40960 2000000000 14000 13916 1 0 23.5428571429 23.4057142857
243 13 10000 100 40960 2000000000 14022 13916 1 0 23.5059192697 23.3689915847
222 51 10000 100 40960 2000000000 14657 13916 1 0 22.4875486116 22.3565531828
130 76 10000 100 204800 2000000000 27286 27100 1 0 60.397273327 60.0454445503
183 1 10000 100 204800 2000000000 28003 27100 3 0 58.8508374103 58.5080169982
49 146 10000 100 204800 2000000000 28676 27100 4 0 57.4696610406 57.1348863161
31 206 10000 100 204800 2000000000 29277 27100 1 0 56.2899204153 55.9620179663
1 72 10000 100 204800 2000000000 30588 27100 5 0 53.877337518 53.5634889499
13 216 10000 100 204800 2000000000 42456 27100 0 0 38.8166572451 38.5905407952
189 40 10000 100 614400 2000000000 62810 60060 1 0 78.71358064 78.2550549276
136 12 10000 100 614400 2000000000 63362 60060 1 0 78.0278400303 77.5733089233
167 203 10000 100 614400 2000000000 66415 60060 5 0 74.441014831 74.0073778514
84 181 10000 100 614400 2000000000 66852 60060 4 0 73.9544067492 73.5236043798
190 28 10000 100 614400 2000000000 67887 60060 3 0 72.8269035309 72.4026691414
74 234 10000 100 614400 2000000000 82001 60060 28 0 60.2919476592 59.9407324301
154 19 10000 100 1024000 2000000000 101136 93020 1 0 81.4744502452 80.9998417972
75 178 10000 100 1024000 2000000000 102035 93020 2 0 80.7566031264 80.286176312
60 254 10000 100 1024000 2000000000 105576 93020 8 0 78.0480412215 77.5933924377
58 222 10000 100 1024000 2000000000 107932 93020 13 0 76.3443649705 75.8996405144
148 216 10000 101 1024000 2000000000 115987 93020 1 0 71.0424444119 70.6286049299
217 49 10000 100 2048000 2000000000 189726 175420 0 0 86.8621064061 86.3561135532
137 15 10000 100 2048000 2000000000 190183 175420 1 0 86.653381217 86.1486042391
70 241 10000 100 2048000 2000000000 194352 175420 4 0 84.7945994896 84.3006503663
53 3 10000 100 2048000 2000000000 195345 175420 6 0 84.3635619033 83.8721236786
92 224 10000 100 1024000 2000000000 220743 93020 45 0 37.3284770072 37.1110295683
27 184 10000 100 5120000 2000000000 463770 422620 0 0 88.8371390991 88.3196412015
89 162 10000 100 5120000 2000000000 466591 422620 1 0 88.3000315051 87.7856623895
153 21 10000 100 5120000 2000000000 477070 422620 17 0 86.360492171 85.8574213428
10 255 10000 100 5120000 2000000000 846283 422620 5 0 48.6834782218 48.3998851448
235 98 10000 100 12288000 2000000000 1118667 999420 1 0 88.390915259 87.8760167235
150 233 10000 100 12288000 2000000000 1129895 999420 43 0 87.5125564765 87.0027745941
32 116 10000 100 12288000 2000000000 1138080 999420 50 0 86.8831716575 86.3770560945
142 45 10000 100 12288000 2000000000 1187095 999420 116 0 83.2957766649 82.8105585484
196 68 10000 100 25600000 2000000000 2480251 2070620 241 0 83.0561100469 82.5722880467
205 67 10000 100 25600000 2000000000 2483911 2070620 263 0 82.9337283019 82.450619205
166 46 10000 100 25600000 2000000000 2487105 2070620 287 0 82.8272228153 82.3447341387
35 255 10000 101 25600000 2000000000 2876136 2070620 245 0 71.6238731409 71.2066466954
62 109 10000 100 43008000 2000000000 4024401 3471420 258 0 85.9954065214 85.4944624057
195 61 10000 100 43008000 2000000000 4208660 3471420 486 0 82.2304486464 81.7514363242
104 176 10000 100 43008000 2000000000 10789753 3471420 6242 0 32.0748769689 31.8880330254
103 232 10000 100 43008000 2000000000 11176414 3471420 2307 0 30.9652094133 30.7848295527
225 56 10000 100 128000000 2000000000 12364859 10310620 1389 0 83.300585959 82.8153398272
98 197 10000 100 128000000 2000000000 19325413 10310620 3009 0 53.297696665 52.9872246456
