230 129 10000 100 16384 2000000000 11342 11938 0 0 11.6240521954 11.55633927
164 30 10000 100 16384 2000000000 11342 11938 0 0 11.6240521954 11.55633927
112 26 10000 100 16384 2000000000 11342 11938 0 0 11.6240521954 11.55633927
67 141 10000 100 16384 2000000000 11970 11938 0 0 11.0142021721 10.9500417711
243 13 10000 100 16384 2000000000 11984 11938 0 0 11.0013351135 10.9372496662
77 212 10000 100 16384 2000000000 12004 11938 0 0 10.9830056648 10.919026991
160 115 10000 100 16384 2000000000 12008 11938 0 0 10.9793471019 10.9153897402
40 205 10000 100 16384 2000000000 13294 11938 0 0 9.91725590492 9.85948548217
49 146 10000 100 40960 2000000000 13328 13916 0 0 24.7298919568 24.5858343337
88 7 10000 100 16384 2000000000 13332 11938 0 0 9.88898889889 9.83138313831
219 37 10000 100 40960 2000000000 13342 13916 0 0 24.7039424374 24.5600359766
84 181 10000 100 40960 2000000000 13344 13916 0 0 24.7002398082 24.5563549161
130 76 10000 100 40960 2000000000 13990 13916 0 0 23.5596854896 23.4224446033
31 206 10000 100 40960 2000000000 14036 13916 0 0 23.4824736392 23.3456825306
232 103 10000 100 16384 2000000000 14613 11938 0 0 9.02210360638 8.96954766304
183 1 10000 100 40960 2000000000 14624 13916 0 0 22.5382932166 22.4070021882
1 72 10000 100 40960 2000000000 14661 13916 0 0 22.4814132733 22.3504535843
222 51 10000 100 40960 2000000000 15319 13916 0 0 21.5157647366 21.3904301847
13 216 10000 100 40960 2000000000 15377 13916 0 0 21.434610132 21.3097483254
189 40 10000 100 40960 2000000000 15976 13916 0 0 20.6309464196 20.5107661492
75 178 10000 100 204800 2000000000 27939 27100 0 0 58.9856473031 58.6420415906
60 254 10000 100 204800 2000000000 27996 27100 0 0 58.8655522217 58.5226460923
190 28 10000 100 204800 2000000000 28028 27100 0 0 58.7983445126 58.4558298844
58 222 10000 100 204800 2000000000 29308 27100 0 0 56.2303807834 55.9028251672
167 203 10000 100 204800 2000000000 30015 27100 0 0 54.9058803931 54.5860403132
148 216 10000 101 204800 2000000000 31324 27100 0 0 52.6114161665 52.3049418976
136 12 10000 100 204800 2000000000 31401 27100 0 0 52.4824050189 52.1766822713
92 224 10000 100 204800 2000000000 32636 27100 0 0 50.4963843608 50.2022306655
154 19 10000 100 204800 2000000000 42460 27100 0 0 38.813000471 38.5869053227
74 234 10000 100 204800 2000000000 43784 27100 0 0 37.6393202997 37.4200621232
89 162 10000 100 614400 2000000000 60171 60060 0 0 82.1658273919 81.6871915042
153 21 10000 100 614400 2000000000 61646 60060 0 0 80.1998507608 79.7326671641
217 49 10000 100 614400 2000000000 61938 60060 0 0 79.8217572411 79.356776131
150 233 10000 100 614400 2000000000 62180 60060 0 0 79.5110968157 79.0479253779
27 184 10000 100 614400 2000000000 62605 60060 0 0 78.9713281687 78.5113010143
137 15 10000 100 614400 2000000000 62665 60060 0 0 78.8957153116 78.4361286204
70 241 10000 100 614400 2000000000 62956 60060 0 0 78.53103755 78.0735751954
142 45 10000 100 614400 2000000000 67033 60060 0 0 73.7547178255 73.3250786926
195 61 10000 100 1024000 2000000000 97618 93020 0 0 84.4106619681 83.9189493741
166 46 10000 100 1024000 2000000000 99921 93020 0 0 82.4651474665 81.9847679667
104 176 10000 100 1024000 2000000000 100101 93020 0 0 82.3168599714 81.8373442823
32 116 10000 100 1024000 2000000000 101105 93020 0 0 81.4994312843 81.0246773157
235 98 10000 100 1024000 2000000000 102089 93020 0 0 80.7138869026 80.2437089206
53 3 10000 100 614400 2000000000 103360 60060 0 0 47.8328173375 47.5541795666
10 255 10000 100 614400 2000000000 108660 60060 0 0 45.4997239094 45.234676974
35 255 10000 101 1024000 2000000000 149948 93020 0 0 54.9523834929 54.6322725211
205 67 10000 100 1024000 2000000000 152382 93020 0 0 54.0746282369 53.7596304025
196 68 10000 100 1024000 2000000000 162778 93020 0 0 50.6210913023 50.3262111588
62 109 10000 100 1024000 2000000000 174914 93020 0 0 47.1088649279 46.8344443555
11 189 10000 100 2048000 2000000000 189779 175420 0 0 86.837848234 86.3319966909
98 197 10000 100 2048000 2000000000 194818 175420 0 0 84.5917728341 84.0990052254
225 56 10000 100 2048000 2000000000 197106 175420 0 0 83.6098343024 83.1227867239
103 232 10000 100 1024000 2000000000 206500 93020 1 0 39.9031476998 39.6707021792
0 124 10000 100 2048000 2000000000 214388 175420 1 0 76.8699740657 76.422187809
116 234 10000 101 2048000 2000000000 215065 175420 0 0 76.6279961872 76.1816195104
15 232 10000 101 2048000 2000000000 282256 175420 0 0 58.3867127714 58.046595998
110 20 10000 100 5120000 2000000000 465459 422620 0 0 88.5147778859 87.9991578206
244 19 10000 101 5120000 2000000000 481462 422620 0 0 85.572693172 85.0742114642
99 174 10000 100 5120000 2000000000 484216 422620 1 0 85.0859946801 84.5903481091
42 249 10000 100 5120000 2000000000 491341 422620 1 0 83.8521515607 83.3636924254
231 75 10000 100 5120000 2000000000 502309 422620 2 0 82.0212259784 81.543432429
227 3 10000 101 5120000 2000000000 562211 422620 2 0 73.2820951564 72.8552091652
106 251 10000 100 12288000 2000000000 1143549 999420 2 0 86.4676546436 85.963959568
163 40 10000 101 12288000 2000000000 1144806 999420 2 0 86.3727129313 85.8695709142
57 252 10000 100 12288000 2000000000 1169876 999420 4 0 84.5217783765 84.0294185025
86 212 10000 101 12288000 2000000000 1171387 999420 4 0 84.4127517208 83.9210269535
79 221 10000 100 12288000 2000000000 1210445 999420 7 0 81.6889656283 81.2131075761
213 4 10000 100 12288000 2000000000 1318408 999420 11 0 74.9995449057 74.5626543528
87 0 10000 100 25600000 2000000000 2463354 2070620 11 0 83.6258207306 83.1386800273
14 131 10000 100 25600000 2000000000 2526982 2070620 15 0 81.5201691187 81.0452943472
4 167 10000 100 25600000 2000000000 2567477 2070620 17 0 80.2344091106 79.7670242031
248 97 10000 100 25600000 2000000000 2640238 2070620 21 0 78.0232691144 77.5687646341
214 109 10000 101 25600000 2000000000 2793972 2070620 24 0 73.730159071 73.3006629988
203 2 10000 100 25600000 2000000000 2877856 2070620 11 0 71.5810659046 71.1640888217
47 136 10000 100 43008000 2000000000 4130900 3471420 18 0 83.7783533855 83.2903241424
50 190 10000 100 43008000 2000000000 4157974 3471420 21 0 83.2328436878 82.7479921712
91 191 10000 100 43008000 2000000000 4240911 3471420 24 0 81.6051079591 81.1297383982
210 123 10000 100 43008000 2000000000 4319125 3471420 30 0 80.1273406072 79.6605793998
216 103 10000 101 43008000 2000000000 4322325 3471420 30 0 80.0680189481 79.6016033038
200 111 10000 100 43008000 2000000000 5465083 3471420 42 0 63.3256622086 62.9567748559
233 172 10000 100 128000000 2000000000 12916105 10310620 104 0 79.7454031227 79.2808667938
199 33 10000 100 128000000 2000000000 13194761 10310620 62 0 78.0612850813 77.6065591487
194 64 10000 100 128000000 2000000000 13859385 10310620 103 0 74.3178719691 73.8849523265
