164 30 10000 100 16384 2000000000 11342 11938 0 0 11.6240521954 11.55633927
67 141 10000 100 16384 2000000000 11970 11938 0 0 11.0142021721 10.9500417711
243 13 10000 100 16384 2000000000 11984 11938 0 0 11.0013351135 10.9372496662
160 115 10000 100 16384 2000000000 12008 11938 0 0 10.9793471019 10.9153897402
230 129 10000 100 16384 2000000000 12622 11938 0 0 10.4452543179 10.3844081762
232 103 10000 100 16384 2000000000 13289 11938 0 0 9.92098728272 9.86319512379
40 205 10000 100 16384 2000000000 13294 11938 0 0 9.91725590492 9.85948548217
49 146 10000 100 40960 2000000000 13328 13916 0 0 24.7298919568 24.5858343337
88 7 10000 100 16384 2000000000 13332 11938 0 0 9.88898889889 9.83138313831
219 37 10000 100 40960 2000000000 13338 13916 0 0 24.7113510271 24.5674014095
112 26 10000 100 40960 2000000000 13990 13916 0 0 23.5596854896 23.4224446033
31 206 10000 100 40960 2000000000 14016 13916 0 0 23.5159817352 23.3789954338
183 1 10000 100 40960 2000000000 14664 13916 0 0 22.4768139662 22.3458810693
13 216 10000 100 40960 2000000000 15314 13916 0 0 21.5227896043 21.3974141309
222 51 10000 100 40960 2000000000 15319 13916 0 0 21.5157647366 21.3904301847
77 212 10000 100 40960 2000000000 15940 13916 0 0 20.6775407779 20.5570890841
84 181 10000 100 204800 2000000000 26624 27100 0 0 61.8990384615 61.5384615385
130 76 10000 100 204800 2000000000 26660 27100 0 0 61.8154538635 61.455363841
190 28 10000 100 204800 2000000000 27984 27100 0 0 58.8907947399 58.5477415666
167 203 10000 100 204800 2000000000 28562 27100 0 0 57.6990406834 57.3629297668
1 72 10000 100 204800 2000000000 28650 27100 0 0 57.5218150087 57.1867364747
136 12 10000 100 204800 2000000000 29312 27100 0 0 56.2227074236 55.8951965066
189 40 10000 100 204800 2000000000 43445 27100 0 0 37.9330187594 37.712049718
74 234 10000 100 204800 2000000000 43784 27100 0 0 37.6393202997 37.4200621232
60 254 10000 100 614400 2000000000 61080 60060 0 0 80.9430255403 80.4715127701
75 178 10000 100 614400 2000000000 62114 60060 0 0 79.5955823164 79.1319187301
137 15 10000 100 614400 2000000000 63091 60060 0 0 78.3629994769 77.9065159848
70 241 10000 100 614400 2000000000 63174 60060 0 0 78.2600436889 77.8041599392
58 222 10000 100 614400 2000000000 63928 60060 0 0 77.3370041296 76.8864973095
148 216 10000 101 614400 2000000000 66983 60060 0 0 73.8097726289 73.3798127883
92 224 10000 100 614400 2000000000 73548 60060 0 0 67.2214064285 66.8298254201
217 49 10000 100 1024000 2000000000 97896 93020 0 0 84.1709569339 83.6806406799
89 162 10000 100 1024000 2000000000 98273 93020 0 0 83.8480559258 83.3596206486
27 184 10000 100 1024000 2000000000 99068 93020 0 0 83.1751927969 82.6906771107
153 21 10000 100 1024000 2000000000 100232 93020 0 0 82.2092744832 81.7303855056
150 233 10000 100 1024000 2000000000 100757 93020 0 0 81.7809184474 81.3045247477
142 45 10000 100 1024000 2000000000 101686 93020 0 0 81.0337706272 80.5617292449
154 19 10000 100 614400 2000000000 117928 60060 0 0 41.9238857608 41.6796689505
53 3 10000 100 1024000 2000000000 158355 93020 0 0 52.0349846863 51.7318682707
166 46 10000 100 2048000 2000000000 191042 175420 0 0 86.2637535202 85.7612462181
196 68 10000 100 2048000 2000000000 191417 175420 0 0 86.0947564741 85.5932336208
32 116 10000 100 2048000 2000000000 193385 175420 0 0 85.2186053727 84.7221863123
235 98 10000 100 2048000 2000000000 196894 175420 0 0 83.6998588073 83.2122868142
10 255 10000 100 1024000 2000000000 224776 93020 0 0 36.6587180126 36.4451720824
35 255 10000 101 2048000 2000000000 285407 175420 0 0 57.7421016303 57.4057398732
62 109 10000 100 5120000 2000000000 466402 422620 0 0 88.3358133113 87.821235758
195 61 10000 100 5120000 2000000000 481455 422620 1 0 85.5739373358 85.0754483804
104 176 10000 100 5120000 2000000000 499130 422620 2 0 82.5436259091 82.0627892533
205 67 10000 100 5120000 2000000000 517585 422620 3 0 79.6004520997 79.1367601457
103 232 10000 100 5120000 2000000000 880395 422620 1 0 46.7971762675 46.5245713572
98 197 10000 100 12288000 2000000000 1139730 999420 2 0 86.7573899081 86.2520070543
0 124 10000 100 12288000 2000000000 1143840 999420 2 0 86.4456567352 85.9420898028
225 56 10000 100 12288000 2000000000 1205116 999420 7 0 82.0501926785 81.5722303911
116 234 10000 101 12288000 2000000000 1231176 999420 7 0 80.3134564027 79.8456110256
15 232 10000 101 12288000 2000000000 1578237 999420 3 0 62.652187219 62.2872230216
99 174 10000 100 25600000 2000000000 2468599 2070620 12 0 83.4481420433 82.9620363615
244 19 10000 101 25600000 2000000000 2516624 2070620 11 0 81.8556923879 81.3788631119
42 249 10000 100 25600000 2000000000 2557979 2070620 17 0 80.5323264968 80.0632061483
110 20 10000 100 25600000 2000000000 2562393 2070620 16 0 80.3936008255 79.9252885877
11 189 10000 100 25600000 2000000000 2742089 2070620 14 0 75.125205637 74.6875830799
163 40 10000 101 43008000 2000000000 4136854 3471420 18 0 83.6577747245 83.1704478814
231 75 10000 100 43008000 2000000000 4251240 3471420 25 0 81.4068365936 80.9326220115
57 252 10000 100 43008000 2000000000 4307603 3471420 30 0 80.3416656549 79.873655952
106 251 10000 100 43008000 2000000000 4311360 3471420 28 0 80.27165442 79.8040525495
227 3 10000 101 43008000 2000000000 4394328 3471420 28 0 78.7560691874 78.2972959688
86 212 10000 101 128000000 2000000000 12509293 10310620 49 0 82.3387860529 81.859142639
79 221 10000 100 128000000 2000000000 13146549 10310620 96 0 78.3475572182 77.8911636811
213 4 10000 100 128000000 2000000000 13382698 10310620 105 0 76.9650484529 76.5167083648
