230 129 10000 100 16384 2000000000 20342 11938 0 0 6.48117195949 6.44341755973
112 26 10000 100 16384 2000000000 20342 11938 0 0 6.48117195949 6.44341755973
219 37 10000 100 16384 2000000000 20342 11938 0 0 6.48117195949 6.44341755973
67 141 10000 100 16384 2000000000 20574 11938 0 0 6.4080878779 6.37075921065
40 205 10000 100 16384 2000000000 20576 11938 0 0 6.40746500778 6.3701399689
160 115 10000 100 16384 2000000000 21004 11938 0 0 6.27689963816 6.24033517425
183 1 10000 100 16384 2000000000 21004 11938 0 0 6.27689963816 6.24033517425
222 51 10000 100 16384 2000000000 21004 11938 0 0 6.27689963816 6.24033517425
164 30 10000 100 16384 2000000000 21004 11938 0 0 6.27689963816 6.24033517425
77 212 10000 100 16384 2000000000 21004 11938 0 0 6.27689963816 6.24033517425
13 216 10000 100 16384 2000000000 21004 11938 0 0 6.27689963816 6.24033517425
243 13 10000 100 16384 2000000000 21012 11938 0 0 6.27450980392 6.23795926137
31 206 10000 100 16384 2000000000 21220 11938 0 0 6.21300659755 6.17681432611
232 103 10000 100 16384 2000000000 21900 11938 0 0 6.0200913242 5.98502283105
88 7 10000 100 16384 2000000000 22328 11938 0 0 5.90469365819 5.87029738445
49 146 10000 100 40960 2000000000 22990 13916 1 0 14.3366681166 14.253153545
190 28 10000 100 40960 2000000000 22998 13916 0 0 14.3316810157 14.2481954953
136 12 10000 100 40960 2000000000 23652 13916 1 0 13.9353965838 13.8542195163
58 222 10000 100 40960 2000000000 23652 13916 0 0 13.9353965838 13.8542195163
75 178 10000 100 40960 2000000000 23652 13916 1 0 13.9353965838 13.8542195163
1 72 10000 100 40960 2000000000 23652 13916 0 0 13.9353965838 13.8542195163
167 203 10000 100 40960 2000000000 23660 13916 0 0 13.9306846999 13.8495350803
148 216 10000 101 40960 2000000000 23660 13916 0 0 13.9306846999 13.8495350803
60 254 10000 100 40960 2000000000 24314 13916 1 0 13.5559759809 13.4770091305
130 76 10000 100 40960 2000000000 24314 13916 0 0 13.5559759809 13.4770091305
92 224 10000 100 40960 2000000000 24314 13916 0 0 13.5559759809 13.4770091305
84 181 10000 100 40960 2000000000 25638 13916 0 0 12.8559169982 12.7810281613
189 40 10000 100 40960 2000000000 26573 13916 0 0 12.403567531 12.3313137395
154 19 10000 100 40960 2000000000 26659 13916 0 0 12.3635545219 12.291533816
74 234 10000 100 40960 2000000000 29610 13916 1 0 11.1313745356 11.0665315772
89 162 10000 100 204800 2000000000 44278 27100 0 0 37.2193866028 37.002574642
153 21 10000 100 204800 2000000000 44672 27100 0 0 36.8911174785 36.676217765
166 46 10000 100 204800 2000000000 45358 27100 0 0 36.3331716566 36.121522113
32 116 10000 100 204800 2000000000 45710 27100 0 0 36.0533800044 35.843360315
235 98 10000 100 204800 2000000000 46001 27100 0 0 35.8253081455 35.6166170301
217 49 10000 100 204800 2000000000 46032 27100 0 0 35.8011817866 35.5926312131
27 184 10000 100 204800 2000000000 46624 27100 0 0 35.3466026081 35.1407000686
150 233 10000 100 204800 2000000000 46642 27100 0 0 35.3329617083 35.1271386304
137 15 10000 100 204800 2000000000 49334 27100 0 0 33.4049539871 33.2103620221
70 241 10000 100 204800 2000000000 50355 27100 0 0 32.7276338 32.5369873895
142 45 10000 100 204800 2000000000 50363 27100 7 0 32.722435121 32.5318189941
10 255 10000 100 204800 2000000000 51371 27100 0 0 32.0803566214 31.8934807576
53 3 10000 100 204800 2000000000 51593 27100 0 0 31.9423177563 31.7562460024
35 255 10000 101 204800 2000000000 54104 27100 9 0 30.4598550939 30.2824190448
196 68 10000 100 204800 2000000000 59285 27100 0 0 27.7979252762 27.6359956144
195 61 10000 100 614400 2000000000 105071 60060 5 0 47.0538968888 46.7797965185
225 56 10000 100 614400 2000000000 105438 60060 4 0 46.8901155181 46.6169692141
104 176 10000 100 614400 2000000000 105706 60060 1 0 46.771233421 46.4987796341
0 124 10000 100 614400 2000000000 105755 60060 0 0 46.7495626684 46.4772351189
110 20 10000 100 614400 2000000000 107046 60060 0 0 46.1857519197 45.9167087047
98 197 10000 100 614400 2000000000 107412 60060 0 0 46.0283767177 45.7602502514
205 67 10000 100 614400 2000000000 109694 60060 0 0 45.0708334093 44.8082848652
11 189 10000 100 614400 2000000000 115999 60060 0 0 42.6210570781 42.3727790757
15 232 10000 101 614400 2000000000 117844 60060 0 0 41.95376939 41.7093785004
99 174 10000 100 614400 2000000000 118393 60060 0 0 41.7592256299 41.5159680049
103 232 10000 100 614400 2000000000 119815 60060 0 0 41.2636147394 41.0232441681
244 19 10000 101 614400 2000000000 122378 60060 0 0 40.3994181961 40.1640817794
62 109 10000 100 614400 2000000000 124866 60060 7 0 39.5944452453 39.3637979914
42 249 10000 100 614400 2000000000 132077 60060 0 0 37.4327097072 37.2146550876
116 234 10000 101 614400 2000000000 149058 60060 6 0 33.1682969046 32.9750835245
231 75 10000 100 1024000 2000000000 154990 93020 0 0 53.1647203045 52.8550229047
248 97 10000 100 1024000 2000000000 158770 93020 0 0 51.8989733577 51.596649241
106 251 10000 100 1024000 2000000000 160263 93020 0 0 51.4154857952 51.115978111
86 212 10000 101 1024000 2000000000 160702 93020 0 0 51.2750308024 50.9763413025
14 131 10000 100 1024000 2000000000 161877 93020 3 0 50.902845988 50.6063245551
57 252 10000 100 1024000 2000000000 162517 93020 0 0 50.7023880579 50.407034341
4 167 10000 100 1024000 2000000000 163110 93020 0 0 50.5180553001 50.2237753663
87 0 10000 100 1024000 2000000000 163180 93020 0 0 50.4963843608 50.2022306655
203 2 10000 100 1024000 2000000000 175144 93020 0 0 47.0470013246 46.7729411227
227 3 10000 101 1024000 2000000000 185715 93020 10 0 44.369060119 44.1105995746
213 4 10000 100 1024000 2000000000 197930 93020 0 0 41.6308796039 41.3883696256
163 40 10000 101 1024000 2000000000 198764 93020 0 0 41.4561993117 41.2147068886
79 221 10000 100 1024000 2000000000 206123 93020 0 0 39.9761307569 39.7432600923
216 103 10000 101 1024000 2000000000 210437 93020 0 0 39.1566121927 38.9285154227
214 109 10000 101 1024000 2000000000 214559 93020 9 0 38.4043549793 38.1806402901
47 136 10000 100 2048000 2000000000 267160 175420 0 0 61.6858811199 61.3265458901
210 123 10000 100 2048000 2000000000 271531 175420 0 0 60.6928858952 60.3393351035
233 172 10000 100 2048000 2000000000 272064 175420 0 0 60.5739825923 60.2211244413
91 191 10000 100 2048000 2000000000 272468 175420 0 0 60.484166948 60.1318319949
50 190 10000 100 2048000 2000000000 272726 175420 0 0 60.4269486591 60.0749470164
194 64 10000 100 2048000 2000000000 286993 175420 0 0 57.4230033485 57.0885004164
151 250 10000 100 2048000 2000000000 384083 175420 16 0 42.9073924126 42.6574464374
200 111 10000 100 2048000 2000000000 391777 175420 25 0 42.0647460162 41.8197086608
199 33 10000 100 2048000 2000000000 400376 175420 0 0 41.1613083701 40.9215337583
170 70 10000 100 5120000 2000000000 556504 422620 0 0 74.0336098213 73.6023460748
44 206 10000 101 5120000 2000000000 559024 422620 21 0 73.6998769284 73.2705572569
191 68 10000 101 5120000 2000000000 608262 422620 40 0 67.7339699011 67.3394030862
204 135 10000 100 5120000 2000000000 617489 422620 93 0 66.7218363404 66.3331654491
19 13 10000 101 5120000 2000000000 657420 422620 98 0 62.6692221107 62.3041586809
64 174 10000 101 5120000 2000000000 669711 422620 38 0 61.5190731524 61.1607096195
123 134 10000 100 5120000 2000000000 918865 422620 29 0 44.8379250488 44.5767332524
133 234 10000 102 12288000 2000000000 1275111 999420 26 0 77.5461900964 77.0944647172
124 253 10000 100 12288000 2000000000 1275261 999420 90 0 77.5370688824 77.0853966365
2 128 10000 100 12288000 2000000000 1317849 999420 157 0 75.0313579173 74.594282046
28 209 10000 100 12288000 2000000000 1458720 999420 271 0 67.785455742 67.3905890095
172 241 10000 101 5120000 2000000000 1671660 422620 76 0 24.6461601043 24.5025902396
16 245 10000 100 5120000 2000000000 2001087 422620 103 0 20.5888099818 20.4688751663
37 111 10000 101 12288000 2000000000 2831251 999420 99 0 34.9244909759 34.7210473391
221 57 10000 100 25600000 2000000000 2868004 2070620 92 0 71.8269570056 71.4085475474
33 148 10000 100 25600000 2000000000 2947239 2070620 192 0 69.8959263229 69.488765587
165 22 10000 100 12288000 2000000000 2993829 999420 128 0 33.0279384694 32.8355427114
226 155 10000 100 12288000 2000000000 3006990 999420 132 0 32.8833817206 32.6918280407
134 4 10000 101 25600000 2000000000 3060823 2070620 238 0 67.302160236 66.9101088171
251 140 10000 100 25600000 2000000000 3110165 2070620 672 0 66.234428077 65.8485964571
145 92 10000 100 12288000 2000000000 3334625 999420 134 0 29.6525096525 29.4797765866
177 16 10000 100 12288000 2000000000 3724888 999420 187 0 26.5457645975 26.3911290756
187 159 10000 100 43008000 2000000000 4438274 3471420 548 0 77.9762583383 77.5220277072
20 250 10000 101 43008000 2000000000 4959654 3471420 927 0 69.7790612006 69.3725812325
144 33 10000 101 25600000 2000000000 8726566 2070620 454 0 23.6060782672 23.4685671317
6 225 10000 100 25600000 2000000000 9223169 2070620 498 0 22.3350564215 22.2049492967
30 249 10000 101 25600000 2000000000 9279011 2070620 492 0 22.2006418572 22.0713177299
211 40 10000 102 25600000 2000000000 9319282 2070620 498 0 22.1047072081 21.9759419234
38 187 10000 100 25600000 2000000000 10676828 2070620 592 0 19.294119939 19.1817270073
72 188 10000 100 43008000 2000000000 11873344 3471420 584 0 29.147643663 28.977851564
236 52 10000 100 43008000 2000000000 12605070 3471420 636 0 27.4556190485 27.2956834036
174 19 10000 102 43008000 2000000000 13374723 3471420 608 0 25.8756760794 25.7249439858
173 221 10000 101 43008000 2000000000 13488167 3471420 681 0 25.6580453074 25.5085809658
192 14 10000 100 128000000 2000000000 13658571 10310620 1468 0 75.4105242781 74.9712396707
46 181 10000 101 43008000 2000000000 14055012 3471420 745 0 24.6232447187 24.4798083417
215 31 10000 100 43008000 2000000000 15246145 3471420 825 0 22.6995086299 22.5672784825
212 5 10000 100 43008000 2000000000 15510133 3471420 842 0 22.3131548904 22.1831753474
113 30 10000 101 128000000 2000000000 16651691 10310620 772 0 61.8555797126 61.4952559473
54 189 10000 101 128000000 2000000000 30102453 10310620 1359 0 34.2164806303 34.0171613257
201 103 10000 102 128000000 2000000000 40191347 10310620 2072 0 25.6274068147 25.4781209498
