67 141 10000 100 16384 2000000000 20342 11938 0 0 6.48117195949 6.44341755973
230 129 10000 100 16384 2000000000 20342 11938 0 0 6.48117195949 6.44341755973
232 103 10000 100 16384 2000000000 20342 11938 0 0 6.48117195949 6.44341755973
160 115 10000 100 16384 2000000000 21004 11938 0 0 6.27689963816 6.24033517425
164 30 10000 100 40960 2000000000 22328 13916 0 0 14.7617341455 14.6757434611
40 205 10000 100 40960 2000000000 22336 13916 0 0 14.7564469914 14.670487106
88 7 10000 100 40960 2000000000 22990 13916 1 0 14.3366681166 14.253153545
243 13 10000 100 40960 2000000000 22998 13916 0 0 14.3316810157 14.2481954953
219 37 10000 100 204800 2000000000 44034 27100 0 0 37.4256256529 37.2076122996
77 212 10000 100 204800 2000000000 45318 27100 4 0 36.3652411845 36.1534048281
112 26 10000 100 204800 2000000000 46642 27100 3 0 35.3329617083 35.1271386304
222 51 10000 100 204800 2000000000 48002 27100 2 0 34.3319028374 34.1319111704
49 146 10000 100 614400 2000000000 102372 60060 1 0 48.2944555152 48.0131285898
183 1 10000 100 614400 2000000000 105028 60060 0 0 47.0731614427 46.7989488517
31 206 10000 100 614400 2000000000 105682 60060 3 0 46.781854999 46.5093393388
13 216 10000 100 614400 2000000000 117656 60060 0 0 42.0208064187 41.7760250221
130 76 10000 100 1024000 2000000000 158764 93020 0 0 51.9009347207 51.5985991787
189 40 10000 100 1024000 2000000000 158764 93020 0 0 51.9009347207 51.5985991787
1 72 10000 100 1024000 2000000000 159374 93020 0 0 51.7022851908 51.4011068305
84 181 10000 100 1024000 2000000000 159426 93020 1 0 51.6854214494 51.3843413245
190 28 10000 100 2048000 2000000000 265770 175420 1 0 62.0085035933 61.6472890093
136 12 10000 100 2048000 2000000000 267756 175420 1 0 61.5485740749 61.1900386919
167 203 10000 100 5120000 2000000000 567590 422620 30 0 72.5876072517 72.1647668211
74 234 10000 100 5120000 2000000000 671704 422620 111 0 61.3365410955 60.9792408561
75 178 10000 100 12288000 2000000000 1203581 999420 3 0 82.1548362761 81.6762644143
60 254 10000 100 12288000 2000000000 1266918 999420 89 0 78.0476715936 77.5930249629
58 222 10000 100 25600000 2000000000 2676230 2070620 209 0 76.9739521641 76.5255602097
92 224 10000 100 25600000 2000000000 2718964 2070620 298 0 75.7641513459 75.3228067749
148 216 10000 101 43008000 2000000000 4588558 3471420 633 0 75.4223875998 74.9830338856
154 19 10000 100 43008000 2000000000 4629248 3471420 571 0 74.7594425704 74.3239506719
137 15 10000 100 128000000 2000000000 13878468 10310620 1577 0 74.2156843248 73.7833599501
