164 30 10000 100 16384 2000000000 11342 11938 0 0 11.6240521954 11.55633927
67 141 10000 100 16384 2000000000 11970 11938 0 0 11.0142021721 10.9500417711
160 115 10000 100 16384 2000000000 12008 11938 0 0 10.9793471019 10.9153897402
230 129 10000 100 16384 2000000000 12622 11938 0 0 10.4452543179 10.3844081762
232 103 10000 100 16384 2000000000 13289 11938 0 0 9.92098728272 9.86319512379
40 205 10000 100 16384 2000000000 13294 11938 0 0 9.91725590492 9.85948548217
77 212 10000 100 40960 2000000000 13328 13916 0 0 24.7298919568 24.5858343337
219 37 10000 100 40960 2000000000 13336 13916 0 0 24.7150569886 24.5710857828
112 26 10000 100 40960 2000000000 13994 13916 0 0 23.5529512648 23.415749607
130 76 10000 100 204800 2000000000 26616 27100 0 0 61.9176435227 61.5569582206
13 216 10000 100 204800 2000000000 42460 27100 0 0 38.813000471 38.5869053227
74 234 10000 100 614400 2000000000 59781 60060 0 0 82.7018617956 82.2201033773
189 40 10000 100 614400 2000000000 60334 60060 0 0 81.9438459244 81.4665031326
243 13 10000 100 40960 2000000000 74640 13916 1 0 4.41586280815 4.39013933548
88 7 10000 100 40960 2000000000 75336 13916 3 0 4.37506636933 4.34958054582
222 51 10000 100 40960 2000000000 76634 13916 4 0 4.30096301903 4.27590886552
49 146 10000 100 204800 2000000000 94324 27100 13 0 17.4716933124 17.3699164582
183 1 10000 100 204800 2000000000 96812 27100 16 0 17.0226831385 16.9235218775
1 72 10000 100 204800 2000000000 97895 27100 16 0 16.8343633485 16.736299096
31 206 10000 100 204800 2000000000 98550 27100 16 0 16.7224759006 16.6250634196
148 216 10000 101 1024000 2000000000 115360 93020 0 0 71.4285714286 71.012482663
84 181 10000 100 614400 2000000000 127634 60060 16 0 38.7357600639 38.5101148597
136 12 10000 100 614400 2000000000 130548 60060 16 0 37.871127861 37.6505193492
167 203 10000 100 614400 2000000000 131610 60060 16 0 37.5655345339 37.3467061773
190 28 10000 100 614400 2000000000 132240 60060 16 0 37.386569873 37.168784029
154 19 10000 100 1024000 2000000000 166985 93020 16 0 49.3457496182 49.0582986496
137 15 10000 100 2048000 2000000000 189752 175420 0 0 86.8502044774 86.3442809562
217 49 10000 100 2048000 2000000000 190894 175420 0 0 86.3306337549 85.8277368592
60 254 10000 100 1024000 2000000000 236134 93020 32 0 34.8954407243 34.6921663123
75 178 10000 100 1024000 2000000000 239041 93020 32 0 34.4710739999 34.270271627
53 3 10000 100 2048000 2000000000 259024 175420 16 0 63.6234480203 63.252825993
58 222 10000 100 1024000 2000000000 308185 93020 48 0 26.7371870792 26.5814364748
70 241 10000 100 2048000 2000000000 328505 175420 33 0 50.1666641299 49.874431135
27 184 10000 100 5120000 2000000000 465613 422620 0 0 88.4855019082 87.9700523826
89 162 10000 100 5120000 2000000000 533005 422620 16 0 77.2975863266 76.8473091247
92 224 10000 100 1024000 2000000000 592561 93020 112 0 13.9057413498 13.8247370313
153 21 10000 100 5120000 2000000000 600289 422620 32 0 68.6336081454 68.2338007193
10 255 10000 100 5120000 2000000000 898140 422620 16 0 45.8725811121 45.605362193
32 116 10000 100 12288000 2000000000 1441143 999420 80 0 68.6122057284 68.2125229766
235 98 10000 100 12288000 2000000000 1454329 999420 88 0 67.9901177794 67.5940588409
150 233 10000 100 12288000 2000000000 1585286 999420 103 0 62.3736032489 62.0102618707
142 45 10000 100 12288000 2000000000 1714495 999420 138 0 57.6729590929 57.3370001079
196 68 10000 100 25600000 2000000000 3324842 2070620 235 0 61.9578313797 61.5969119736
205 67 10000 100 25600000 2000000000 3384122 2070620 251 0 60.8725099154 60.5179127703
166 46 10000 100 25600000 2000000000 3661111 2070620 318 0 56.2670730278 55.9393036704
35 255 10000 101 25600000 2000000000 4111541 2070620 324 0 50.102868973 49.8110076003
62 109 10000 100 43008000 2000000000 5636369 3471420 402 0 61.4012318924 61.0435548134
195 61 10000 100 43008000 2000000000 5928063 3471420 499 0 58.379946367 58.0398690095
103 232 10000 100 43008000 2000000000 6806176 3471420 684 0 50.8479357572 50.5517341897
104 176 10000 100 43008000 2000000000 6848396 3471420 697 0 50.5344609161 50.2400854156
98 197 10000 100 128000000 2000000000 18087509 10310620 1553 0 56.9453759498 56.6136553132
225 56 10000 100 128000000 2000000000 18240364 10310620 1546 0 56.4681713589 56.1392305548
