230 129 10000 100 16384 2000000000 11342 11938 0 0 11.6240521954 11.55633927
112 26 10000 100 16384 2000000000 11981 11938 0 0 11.0040898089 10.9399883148
160 115 10000 100 16384 2000000000 12004 11938 0 0 10.9830056648 10.919026991
222 51 10000 100 16384 2000000000 12004 11938 0 0 10.9830056648 10.919026991
243 13 10000 100 16384 2000000000 12012 11938 0 0 10.9756909757 10.9117549118
31 206 10000 100 16384 2000000000 12614 11938 0 0 10.4518788648 10.3909941335
67 141 10000 100 16384 2000000000 12627 11938 0 0 10.4411182387 10.3802961907
183 1 10000 100 16384 2000000000 12630 11938 0 0 10.4386381631 10.3778305622
219 37 10000 100 16384 2000000000 12638 11938 0 0 10.4320303846 10.3712612755
164 30 10000 100 16384 2000000000 12664 11938 0 0 10.4106127606 10.3499684144
40 205 10000 100 16384 2000000000 13294 11938 0 0 9.91725590492 9.85948548217
77 212 10000 100 16384 2000000000 13305 11938 0 0 9.90905674558 9.85133408493
88 7 10000 100 16384 2000000000 13338 11938 0 0 9.88454041086 9.8269605638
13 216 10000 100 16384 2000000000 13951 11938 0 0 9.45021862232 9.3951688051
232 103 10000 100 16384 2000000000 14613 11938 0 0 9.02210360638 8.96954766304
58 222 10000 100 40960 2000000000 14652 13916 0 0 22.4952224952 22.3641823642
190 28 10000 100 40960 2000000000 14652 13916 0 0 22.4952224952 22.3641823642
75 178 10000 100 40960 2000000000 14652 13916 0 0 22.4952224952 22.3641823642
49 146 10000 100 40960 2000000000 14657 13916 0 0 22.4875486116 22.3565531828
130 76 10000 100 40960 2000000000 15314 13916 0 0 21.5227896043 21.3974141309
92 224 10000 100 40960 2000000000 15314 13916 0 0 21.5227896043 21.3974141309
148 216 10000 101 40960 2000000000 15314 13916 0 0 21.5227896043 21.3974141309
167 203 10000 100 40960 2000000000 15314 13916 0 0 21.5227896043 21.3974141309
136 12 10000 100 40960 2000000000 15319 13916 0 0 21.5157647366 21.3904301847
60 254 10000 100 40960 2000000000 15940 13916 0 0 20.6775407779 20.5570890841
1 72 10000 100 40960 2000000000 15964 13916 0 0 20.6464545227 20.5261839138
84 181 10000 100 40960 2000000000 16647 13916 0 0 19.7993632486 19.684027152
154 19 10000 100 40960 2000000000 17300 13916 0 0 19.0520231214 18.9410404624
189 40 10000 100 40960 2000000000 17962 13916 0 0 18.3498496827 18.2429573544
74 234 10000 100 40960 2000000000 20685 13916 0 0 15.9342518733 15.8414309886
89 162 10000 100 204800 2000000000 27315 27100 0 0 60.3331502837 59.9816950394
153 21 10000 100 204800 2000000000 27968 27100 0 0 58.9244851259 58.5812356979
166 46 10000 100 204800 2000000000 28078 27100 0 0 58.6936391481 58.351734454
217 49 10000 100 204800 2000000000 28681 27100 0 0 57.4596422719 57.1249259091
32 116 10000 100 204800 2000000000 29295 27100 0 0 56.2553336747 55.9276327018
235 98 10000 100 204800 2000000000 29335 27100 0 0 56.1786262144 55.8513720811
27 184 10000 100 204800 2000000000 29946 27100 0 0 55.0323916383 54.7118145996
142 45 10000 100 204800 2000000000 30101 27100 0 0 54.7490116607 54.4300853792
150 233 10000 100 204800 2000000000 30540 27100 0 0 53.9620170269 53.6476751801
137 15 10000 100 204800 2000000000 36630 27100 0 0 44.9904449904 44.7283647284
70 241 10000 100 204800 2000000000 39901 27100 0 0 41.3022230019 41.0616275281
10 255 10000 100 204800 2000000000 40470 27100 0 0 40.7215221151 40.484309365
53 3 10000 100 204800 2000000000 42012 27100 0 0 39.2268875559 38.9983814148
35 255 10000 101 204800 2000000000 43118 27100 0 0 38.2206966928 37.9980518577
196 68 10000 100 204800 2000000000 45770 27100 0 0 36.0061175442 35.7963731702
195 61 10000 100 614400 2000000000 62716 60060 0 0 78.8315581351 78.3723451751
104 176 10000 100 614400 2000000000 63059 60060 0 0 78.4027656639 77.9460505241
98 197 10000 100 614400 2000000000 65094 60060 0 0 75.9517006176 75.5092635266
0 124 10000 100 614400 2000000000 65743 60060 0 0 75.2019226382 74.7638531859
225 56 10000 100 614400 2000000000 71862 60060 0 0 68.7985305168 68.3977623779
110 20 10000 100 614400 2000000000 85981 60060 0 0 57.5010758191 57.1661180959
205 67 10000 100 614400 2000000000 86519 60060 0 0 57.1435176088 56.810642749
62 109 10000 100 614400 2000000000 98730 60060 0 0 50.0759647524 49.7842601033
15 232 10000 101 614400 2000000000 98752 60060 0 0 50.064808814 49.773169151
4 167 10000 100 1024000 2000000000 99177 93020 0 0 83.0837795053 82.5997963237
14 131 10000 100 1024000 2000000000 100033 93020 0 0 82.3728169704 81.8929753181
248 97 10000 100 1024000 2000000000 100142 93020 0 0 82.2831579158 81.8038385493
57 252 10000 100 1024000 2000000000 100960 93020 0 0 81.616481775 81.1410459588
86 212 10000 101 1024000 2000000000 101735 93020 0 0 80.9947412395 80.5229272129
11 189 10000 100 614400 2000000000 108059 60060 0 0 45.7527832018 45.4862621346
99 174 10000 100 614400 2000000000 109575 60060 0 0 45.1197809719 44.8569472964
106 251 10000 100 1024000 2000000000 109768 93020 0 0 75.0674149114 74.6301289993
42 249 10000 100 614400 2000000000 111308 60060 0 0 44.4172925576 44.1585510475
103 232 10000 100 614400 2000000000 118177 60060 0 0 41.8355517571 41.5918495139
231 75 10000 100 1024000 2000000000 120225 93020 0 0 68.5381576211 68.1389062175
227 3 10000 101 1024000 2000000000 121825 93020 0 0 67.6380053355 67.2439975375
244 19 10000 101 614400 2000000000 124403 60060 0 0 39.7418068696 39.5103011985
87 0 10000 100 1024000 2000000000 133915 93020 0 0 61.5315685323 61.1731322107
116 234 10000 101 614400 2000000000 135790 60060 0 0 36.4091612048 36.1970690036
203 2 10000 100 1024000 2000000000 138983 93020 0 0 59.2878265687 58.9424605887
163 40 10000 101 1024000 2000000000 162066 93020 0 0 50.8434835191 50.5473078869
79 221 10000 100 1024000 2000000000 170460 93020 0 0 48.3397864602 48.0581954711
214 109 10000 101 1024000 2000000000 172867 93020 0 0 47.6667033037 47.3890331874
213 4 10000 100 1024000 2000000000 180548 93020 1 0 45.6388328865 45.3729756076
216 103 10000 101 1024000 2000000000 182081 93020 0 0 45.2545844981 44.9909655593
233 172 10000 100 2048000 2000000000 194075 175420 0 0 84.9156254026 84.420971274
210 123 10000 100 2048000 2000000000 194463 175420 0 0 84.7461985056 84.2525313299
50 190 10000 100 2048000 2000000000 195901 175420 0 0 84.1241239197 83.6340804794
91 191 10000 100 2048000 2000000000 196596 175420 0 0 83.826730961 83.3384199068
47 136 10000 100 2048000 2000000000 207219 175420 0 0 79.529386784 79.0661088028
194 64 10000 100 2048000 2000000000 242825 175420 0 0 67.8678060332 67.4724595902
151 250 10000 100 2048000 2000000000 343571 175420 1 0 47.9667958006 47.6873775726
199 33 10000 100 2048000 2000000000 361890 175420 0 0 45.5386996049 45.2734256266
200 111 10000 100 2048000 2000000000 376675 175420 0 0 43.7512444415 43.4963828234
44 206 10000 101 5120000 2000000000 488351 422620 1 0 84.3655485501 83.8740987527
191 68 10000 101 5120000 2000000000 497237 422620 0 0 82.857872604 82.375205385
170 70 10000 100 5120000 2000000000 501370 422620 0 0 82.1748409358 81.696152542
123 134 10000 100 5120000 2000000000 501515 422620 2 0 82.1510822209 81.6725322274
16 245 10000 100 5120000 2000000000 508538 422620 2 0 81.0165612009 80.5446200677
19 13 10000 101 5120000 2000000000 512265 422620 3 0 80.4271226806 79.9586151699
204 135 10000 100 5120000 2000000000 529959 422620 4 0 77.7418630498 77.2889978281
172 241 10000 101 5120000 2000000000 543659 422620 2 0 75.7827976728 75.3413444825
64 174 10000 101 5120000 2000000000 544512 422620 1 0 75.6640808651 75.223319229
145 92 10000 100 12288000 2000000000 1183003 999420 5 0 83.5838962369 83.096999754
2 128 10000 100 12288000 2000000000 1184804 999420 4 0 83.4568418067 82.9706854467
165 22 10000 100 12288000 2000000000 1193254 999420 6 0 82.8658441539 82.3831304986
28 209 10000 100 12288000 2000000000 1202789 999420 6 0 82.2089327388 81.730045752
226 155 10000 100 12288000 2000000000 1218515 999420 7 0 81.1479546825 80.6752481504
133 234 10000 102 12288000 2000000000 1237546 999420 4 0 79.9000602806 79.4346230362
177 16 10000 100 12288000 2000000000 1240541 999420 8 0 79.7071600213 79.2428464678
37 111 10000 101 12288000 2000000000 1395996 999420 6 0 70.8311485133 70.4185398812
124 253 10000 100 12288000 2000000000 1492243 999420 4 0 66.2626663352 65.8766702206
251 140 10000 100 25600000 2000000000 2621992 2070620 25 0 78.5662198817 78.1085525814
38 187 10000 100 25600000 2000000000 2624238 2070620 20 0 78.498977608 78.0417020103
30 249 10000 101 25600000 2000000000 2741198 2070620 24 0 75.1496243613 74.7118595592
211 40 10000 102 25600000 2000000000 2767248 2070620 23 0 74.4421894966 74.0085456743
33 148 10000 100 25600000 2000000000 2900791 2070620 19 0 71.0151127744 70.6014325058
144 33 10000 101 25600000 2000000000 2909461 2070620 23 0 70.8034924682 70.3910449393
6 225 10000 100 25600000 2000000000 2927853 2070620 31 0 70.3587236108 69.9488669684
134 4 10000 101 25600000 2000000000 3035242 2070620 21 0 67.8693824084 67.4740267827
221 57 10000 100 25600000 2000000000 3201185 2070620 18 0 64.3511699574 63.9763087732
236 52 10000 100 43008000 2000000000 4190311 3471420 21 0 82.5905284834 82.1094186088
72 188 10000 100 43008000 2000000000 4234547 3471420 27 0 81.7277503355 81.251666353
46 181 10000 101 43008000 2000000000 4421315 3471420 37 0 78.2753547304 77.8193817903
212 5 10000 100 43008000 2000000000 4743217 3471420 31 0 72.9631387305 72.5381107379
187 159 10000 100 43008000 2000000000 4760234 3471420 17 0 72.7023083319 72.2787997397
173 221 10000 101 43008000 2000000000 4813088 3471420 31 0 71.9039419184 71.4850840043
215 31 10000 100 43008000 2000000000 4854883 3471420 36 0 71.2849310684 70.8696790427
20 250 10000 101 43008000 2000000000 4865387 3471420 33 0 71.131032331 70.7166768029
174 19 10000 102 43008000 2000000000 5497916 3471420 38 0 62.947487739 62.5808033444
54 189 10000 101 128000000 2000000000 12408727 10310620 59 0 83.0060972411 82.5225665775
192 14 10000 100 128000000 2000000000 12833723 10310620 92 0 80.2573033562 79.7897850842
113 30 10000 101 128000000 2000000000 13657916 10310620 102 0 75.4141407811 74.9748351066
201 103 10000 102 128000000 2000000000 13920099 10310620 113 0 73.9937266251 73.5626952078
