164 30 10000 100 16384 2000000000 11346 11938 0 0 11.6199541689 11.5522651155
67 141 10000 100 16384 2000000000 11970 11938 0 0 11.0142021721 10.9500417711
160 115 10000 100 16384 2000000000 12008 11938 0 0 10.9793471019 10.9153897402
230 129 10000 100 16384 2000000000 12622 11938 0 0 10.4452543179 10.3844081762
232 103 10000 100 16384 2000000000 13289 11938 0 0 9.92098728272 9.86319512379
40 205 10000 100 16384 2000000000 13294 11938 0 0 9.91725590492 9.85948548217
77 212 10000 100 40960 2000000000 13328 13916 0 0 24.7298919568 24.5858343337
219 37 10000 100 40960 2000000000 13332 13916 0 0 24.7224722472 24.5784578458
112 26 10000 100 40960 2000000000 13990 13916 0 0 23.5596854896 23.4224446033
88 7 10000 100 40960 2000000000 13994 13916 0 0 23.5529512648 23.415749607
243 13 10000 100 40960 2000000000 14010 13916 0 0 23.5260528194 23.3890078515
222 51 10000 100 40960 2000000000 14649 13916 0 0 22.4998293399 22.3687623729
130 76 10000 100 204800 2000000000 26682 27100 0 0 61.7644854209 61.4046923019
49 146 10000 100 204800 2000000000 27977 27100 0 0 58.9055295421 58.5623905351
183 1 10000 100 204800 2000000000 27991 27100 0 0 58.8760673073 58.533099925
1 72 10000 100 204800 2000000000 28030 27100 0 0 58.7941491259 58.4516589369
31 206 10000 100 204800 2000000000 28616 27100 0 0 57.5901593514 57.254682695
13 216 10000 100 204800 2000000000 42460 27100 0 0 38.813000471 38.5869053227
136 12 10000 100 614400 2000000000 60426 60060 0 0 81.8190845 81.3424684738
189 40 10000 100 614400 2000000000 60627 60060 0 0 81.5478252264 81.0727893513
74 234 10000 100 614400 2000000000 61213 60060 0 0 80.7671573032 80.2966690082
167 203 10000 100 614400 2000000000 62712 60060 0 0 78.8365862993 78.377344049
84 181 10000 100 614400 2000000000 62970 60060 0 0 78.5135778942 78.0562172463
190 28 10000 100 614400 2000000000 65795 60060 0 0 75.142488031 74.7047647998
58 222 10000 100 1024000 2000000000 96800 93020 0 0 85.1239669421 84.6280991736
60 254 10000 100 1024000 2000000000 98313 93020 0 0 83.8139411878 83.3257046372
92 224 10000 100 1024000 2000000000 100277 93020 0 0 82.1723825005 81.6937084277
154 19 10000 100 1024000 2000000000 100362 93020 0 0 82.1027879078 81.6245192403
75 178 10000 100 1024000 2000000000 101055 93020 0 0 81.5397555786 81.0647667112
148 216 10000 101 1024000 2000000000 114825 93020 0 0 71.761376007 71.3433485739
137 15 10000 100 2048000 2000000000 190105 175420 0 0 86.6889350622 86.1839509745
70 241 10000 100 2048000 2000000000 190247 175420 0 0 86.6242306055 86.1196234369
217 49 10000 100 2048000 2000000000 190836 175420 0 0 86.356871869 85.85382213
53 3 10000 100 2048000 2000000000 191303 175420 0 0 86.1460614836 85.6442397662
89 162 10000 100 5120000 2000000000 463685 422620 0 0 88.8534241996 88.3358314373
153 21 10000 100 5120000 2000000000 464950 422620 0 0 88.6116786751 88.0954941392
27 184 10000 100 5120000 2000000000 465271 422620 0 0 88.5505436617 88.034715252
10 255 10000 100 5120000 2000000000 846697 422620 0 0 48.6596740038 48.3762195921
150 233 10000 100 12288000 2000000000 1103209 999420 0 0 89.6294355829 89.1073223659
32 116 10000 100 12288000 2000000000 1120180 999420 10 0 88.2715277902 87.7573247157
235 98 10000 100 12288000 2000000000 1138999 999420 2 0 86.8130700729 86.3073628686
142 45 10000 100 12288000 2000000000 1139758 999420 20 0 86.7552585724 86.2498881341
196 68 10000 100 25600000 2000000000 2339570 2070620 15 0 88.0503682301 87.5374534637
205 67 10000 100 25600000 2000000000 2368906 2070620 34 0 86.9599722404 86.4534092953
166 46 10000 100 25600000 2000000000 2381969 2070620 42 0 86.4830734573 85.9792885634
35 255 10000 101 25600000 2000000000 2847734 2070620 53 0 72.3382169823 71.9168293106
62 109 10000 100 43008000 2000000000 3996464 3471420 48 0 86.5965513514 86.0921054212
103 232 10000 100 43008000 2000000000 4018338 3471420 68 0 86.1251592076 85.6234592511
104 176 10000 100 43008000 2000000000 4036695 3471420 83 0 85.7335022834 85.2340838235
195 61 10000 100 43008000 2000000000 4071252 3471420 92 0 85.0057918301 84.5106124602
98 197 10000 100 128000000 2000000000 11961336 10310620 235 0 86.1107822738 85.6091660664
225 56 10000 100 128000000 2000000000 12038094 10310620 253 0 85.5617176606 85.0632998878
