230 129 10000 100 16384 2000000000 20342 11938 0 0 6.48117195949 6.44341755973
112 26 10000 100 16384 2000000000 20342 11938 0 0 6.48117195949 6.44341755973
219 37 10000 100 16384 2000000000 20342 11938 0 0 6.48117195949 6.44341755973
49 146 10000 100 16384 2000000000 20342 11938 0 0 6.48117195949 6.44341755973
130 76 10000 100 16384 2000000000 20342 11938 0 0 6.48117195949 6.44341755973
40 205 10000 100 16384 2000000000 20576 11938 0 0 6.40746500778 6.3701399689
160 115 10000 100 16384 2000000000 21004 11938 0 0 6.27689963816 6.24033517425
67 141 10000 100 16384 2000000000 21004 11938 0 0 6.27689963816 6.24033517425
222 51 10000 100 16384 2000000000 21004 11938 0 0 6.27689963816 6.24033517425
77 212 10000 100 16384 2000000000 21004 11938 0 0 6.27689963816 6.24033517425
31 206 10000 100 16384 2000000000 21220 11938 0 0 6.21300659755 6.17681432611
164 30 10000 100 16384 2000000000 21666 11938 0 0 6.08511031109 6.04966306656
243 13 10000 100 16384 2000000000 21666 11938 0 0 6.08511031109 6.04966306656
13 216 10000 100 16384 2000000000 21666 11938 0 0 6.08511031109 6.04966306656
88 7 10000 100 16384 2000000000 22328 11938 0 0 5.90469365819 5.87029738445
183 1 10000 100 16384 2000000000 22328 11938 0 0 5.90469365819 5.87029738445
190 28 10000 100 40960 2000000000 22998 13916 0 0 14.3316810157 14.2481954953
217 49 10000 100 40960 2000000000 22998 13916 0 0 14.3316810157 14.2481954953
232 103 10000 100 16384 2000000000 23224 11938 0 0 5.67688598002 5.6438167413
136 12 10000 100 40960 2000000000 23272 13916 1 0 14.162942592 14.0804400138
58 222 10000 100 40960 2000000000 23652 13916 0 0 13.9353965838 13.8542195163
137 15 10000 100 40960 2000000000 23652 13916 0 0 13.9353965838 13.8542195163
60 254 10000 100 40960 2000000000 23652 13916 2 0 13.9353965838 13.8542195163
1 72 10000 100 40960 2000000000 23652 13916 0 0 13.9353965838 13.8542195163
75 178 10000 100 40960 2000000000 23652 13916 1 0 13.9353965838 13.8542195163
167 203 10000 100 40960 2000000000 23660 13916 0 0 13.9306846999 13.8495350803
148 216 10000 101 40960 2000000000 23668 13916 0 0 13.9259760014 13.8448538111
92 224 10000 100 40960 2000000000 24314 13916 0 0 13.5559759809 13.4770091305
53 3 10000 100 40960 2000000000 24330 13916 0 0 13.5470612413 13.4681463214
70 241 10000 100 40960 2000000000 24984 13916 0 0 13.1924431636 13.1155939801
84 181 10000 100 40960 2000000000 25638 13916 0 0 12.8559169982 12.7810281613
154 19 10000 100 40960 2000000000 25992 13916 0 0 12.6808248692 12.6069559865
74 234 10000 100 40960 2000000000 29678 13916 1 0 11.1058696678 11.0411752814
189 40 10000 100 40960 2000000000 29883 13916 0 0 11.0296824281 10.9654318509
166 46 10000 100 204800 2000000000 45350 27100 0 0 36.3395810364 36.1278941566
89 162 10000 100 204800 2000000000 45706 27100 1 0 36.056535247 35.8464971776
104 176 10000 100 204800 2000000000 46006 27100 0 0 35.8214145981 35.6127461635
150 233 10000 100 204800 2000000000 46040 27100 0 0 35.7949609036 35.5864465682
153 21 10000 100 204800 2000000000 46281 27100 1 0 35.6085650699 35.4011365355
32 116 10000 100 204800 2000000000 46290 27100 0 0 35.6016418233 35.3942536185
235 98 10000 100 204800 2000000000 46663 27100 0 0 35.3170606262 35.1113301759
27 184 10000 100 204800 2000000000 47071 27100 0 0 35.010940919 34.8069936904
98 197 10000 100 204800 2000000000 47966 27100 0 0 34.3576700163 34.1575282492
195 61 10000 100 204800 2000000000 48628 27100 8 0 33.8899399523 33.6925228264
205 67 10000 100 204800 2000000000 50398 27100 0 0 32.699710306 32.5092265566
142 45 10000 100 204800 2000000000 51732 27100 0 0 31.8564911467 31.6709193536
62 109 10000 100 204800 2000000000 53442 27100 7 0 30.8371692676 30.6575352719
103 232 10000 100 204800 2000000000 56613 27100 0 0 29.1099217494 28.9403493897
196 68 10000 100 204800 2000000000 60544 27100 0 0 27.2198731501 27.0613107822
10 255 10000 100 204800 2000000000 64015 27100 0 0 25.7439662579 25.5940014059
35 255 10000 101 204800 2000000000 68006 27100 9 0 24.233155898 24.0919918831
231 75 10000 100 614400 2000000000 104980 60060 0 0 47.0946847018 46.8203467327
225 56 10000 100 614400 2000000000 106401 60060 10 0 46.4657287056 46.1950545578
86 212 10000 101 614400 2000000000 106565 60060 0 0 46.3942194905 46.1239619012
57 252 10000 100 614400 2000000000 107023 60060 0 0 46.1956775646 45.9265765303
106 251 10000 100 614400 2000000000 107402 60060 0 0 46.032662334 45.764510903
0 124 10000 100 614400 2000000000 107675 60060 0 0 45.9159507778 45.6484792199
110 20 10000 100 614400 2000000000 107723 60060 0 0 45.8954912136 45.6281388376
227 3 10000 101 614400 2000000000 110011 60060 14 0 44.9409604494 44.6791684468
15 232 10000 101 614400 2000000000 111200 60060 0 0 44.4604316547 44.2014388489
99 174 10000 100 614400 2000000000 118839 60060 0 0 41.6025042284 41.3601595436
163 40 10000 101 614400 2000000000 120330 60060 0 0 41.0870107205 40.8476689105
11 189 10000 100 614400 2000000000 121335 60060 0 0 40.7466930399 40.509333663
79 221 10000 100 614400 2000000000 123037 60060 0 0 40.1830343718 39.9489584434
42 249 10000 100 614400 2000000000 134869 60060 0 0 36.6577938592 36.4442533125
116 234 10000 101 614400 2000000000 138196 60060 6 0 35.7752756954 35.5668760311
210 123 10000 100 1024000 2000000000 159368 93020 0 0 51.7042317153 51.403042016
50 190 10000 100 1024000 2000000000 160165 93020 0 0 51.4469453376 51.1472543939
47 136 10000 100 1024000 2000000000 160258 93020 0 0 51.4170899425 51.1175729137
248 97 10000 100 1024000 2000000000 160462 93020 0 0 51.351721903 51.0525856589
233 172 10000 100 1024000 2000000000 160491 93020 0 0 51.3424428784 51.0433606869
14 131 10000 100 1024000 2000000000 161714 93020 2 0 50.9541536292 50.6573333168
4 167 10000 100 1024000 2000000000 162661 93020 0 0 50.657502413 50.3624101659
87 0 10000 100 1024000 2000000000 162807 93020 0 0 50.6120744194 50.3172468014
19 13 10000 101 1024000 2000000000 164506 93020 0 0 50.0893584429 49.7975757723
194 64 10000 100 1024000 2000000000 167325 93020 0 0 49.2454803526 48.9586134768
203 2 10000 100 1024000 2000000000 168937 93020 0 0 48.775579062 48.4914494752
214 109 10000 101 1024000 2000000000 170716 93020 8 0 48.2672977342 47.9861290096
213 4 10000 100 614400 2000000000 180989 60060 0 0 27.3165772506 27.1574515578
216 103 10000 101 1024000 2000000000 190427 93020 0 0 43.2711747809 43.0191096851
91 191 10000 100 1024000 2000000000 203606 93020 0 0 40.4703201281 40.2345706905
200 111 10000 100 1024000 2000000000 242829 93020 3 0 33.9333440405 33.7356740752
123 134 10000 100 2048000 2000000000 271181 175420 0 0 60.7712192226 60.4172121203
151 250 10000 100 1024000 2000000000 272401 93020 19 0 30.2495218446 30.0733110378
177 16 10000 100 2048000 2000000000 272775 175420 0 0 60.4160938502 60.0641554395
170 70 10000 100 2048000 2000000000 273064 175420 0 0 60.3521518765 60.0005859432
199 33 10000 100 1024000 2000000000 280496 93020 0 0 29.3765329987 29.2054075637
28 209 10000 100 2048000 2000000000 282599 175420 26 0 58.315846836 57.9761428738
191 68 10000 101 2048000 2000000000 282801 175420 9 0 58.274192807 57.9347314896
44 206 10000 101 2048000 2000000000 296662 175420 41 0 55.5514356406 55.2278350446
64 174 10000 101 2048000 2000000000 324860 175420 0 0 50.7295450348 50.434033122
172 241 10000 101 2048000 2000000000 373190 175420 0 0 44.1598113561 43.9025697366
165 22 10000 100 2048000 2000000000 375396 175420 0 0 43.9003079415 43.6445779923
244 19 10000 101 614400 2000000000 458076 60060 1 0 10.7929688523 10.7300971891
145 92 10000 100 5120000 2000000000 548901 422620 0 0 75.0590725832 74.6218352672
221 57 10000 100 5120000 2000000000 557252 422620 0 0 73.9342344218 73.5035495611
124 253 10000 100 5120000 2000000000 557439 422620 32 0 73.9094322428 73.4788918608
2 128 10000 100 5120000 2000000000 558310 422620 5 0 73.7941287099 73.3642599989
211 40 10000 102 5120000 2000000000 622898 422620 0 0 66.1424502888 65.7571544619
204 135 10000 100 2048000 2000000000 631690 175420 22 0 26.0887460622 25.9367727841
133 234 10000 102 5120000 2000000000 632396 422620 10 0 65.1490521762 64.7695431344
16 245 10000 100 2048000 2000000000 633847 175420 24 0 25.9999652913 25.8485091828
33 148 10000 100 5120000 2000000000 655938 422620 35 0 62.8108144367 62.4449261973
226 155 10000 100 5120000 2000000000 909216 422620 26 0 45.313764826 45.0498011474
6 225 10000 100 5120000 2000000000 915736 422620 26 0 44.9911328156 44.7290485467
37 111 10000 101 5120000 2000000000 1265326 422620 13 0 32.5607788032 32.3711043636
134 4 10000 101 5120000 2000000000 2226814 422620 38 0 18.5017697931 18.3939924933
187 159 10000 100 12288000 2000000000 2290989 999420 78 0 43.1603992861 42.9089794844
20 250 10000 101 12288000 2000000000 2418666 999420 242 0 40.8820399344 40.643892129
96 6 10000 100 25600000 2000000000 2724723 2070620 108 0 75.6040155274 75.1636037865
176 63 10000 100 25600000 2000000000 2867214 2070620 384 0 71.8467474001 71.428222658
107 22 10000 101 25600000 2000000000 2996495 2070620 411 0 68.746986062 68.3465181821
212 5 10000 100 12288000 2000000000 3025031 999420 134 0 32.6872683288 32.496857057
192 14 10000 100 25600000 2000000000 3161338 2070620 319 0 65.1622825525 64.7826964406
173 221 10000 101 12288000 2000000000 3402369 999420 161 0 29.0621034932 28.8928096864
113 30 10000 101 25600000 2000000000 3435708 2070620 143 0 59.9585296539 59.6092566656
72 188 10000 100 12288000 2000000000 3728892 999420 187 0 26.5172603551 26.3627908773
236 52 10000 100 12288000 2000000000 4063042 999420 214 0 24.3364454515 24.1946797498
30 249 10000 101 12288000 2000000000 4474142 999420 239 0 22.1003267219 21.9715869545
38 187 10000 100 12288000 2000000000 4786682 999420 262 0 20.6573154431 20.5369815668
247 191 10000 101 43008000 2000000000 5020126 3471420 387 0 68.9385087147 68.5369251688
251 140 10000 100 12288000 2000000000 5520624 999420 323 0 17.9110187544 17.8066827228
83 217 10000 100 43008000 2000000000 5539614 3471420 419 0 62.4736669378 62.1097426644
174 19 10000 102 12288000 2000000000 5637136 999420 280 0 17.540822148 17.4386426015
241 33 10000 102 43008000 2000000000 5848140 3471420 297 0 59.1777898614 58.8330648719
144 33 10000 101 12288000 2000000000 6530324 999420 126 0 15.1416683154 15.0534644223
201 103 10000 102 25600000 2000000000 7193484 2070620 340 0 28.6370276211 28.4702099845
46 181 10000 101 25600000 2000000000 7437596 2070620 379 0 27.6971214893 27.535779034
54 189 10000 101 25600000 2000000000 7471124 2070620 370 0 27.5728257221 27.4122073198
215 31 10000 100 25600000 2000000000 7533960 2070620 378 0 27.3428582047 27.1835794191
140 102 10000 100 25600000 2000000000 7808612 2070620 398 0 26.3811289382 26.2274524589
185 111 10000 102 25600000 2000000000 8628046 2070620 405 0 23.8756260688 23.7365447518
184 4 10000 102 43008000 2000000000 8750828 3471420 289 0 39.5482576049 39.3178794052
59 130 10000 100 43008000 2000000000 12593794 3471420 640 0 27.4802017565 27.3201229113
240 24 10000 100 128000000 2000000000 13369042 10310620 1835 0 77.0436655072 76.5948674557
25 255 10000 102 128000000 2000000000 14188996 10310620 2619 0 72.5914645405 72.1686016403
129 250 10000 102 43008000 2000000000 14276448 3471420 629 0 24.2413238923 24.1001122968
202 185 10000 100 43008000 2000000000 14411408 3471420 767 0 24.0143086644 23.8744194877
207 156 10000 100 43008000 2000000000 14420856 3471420 762 0 23.9985753966 23.8587778701
115 45 10000 101 43008000 2000000000 15134949 3471420 806 0 22.8662812144 22.7330795763
152 201 10000 100 43008000 2000000000 15164784 3471420 815 0 22.8212943884 22.6883548094
175 89 10000 100 43008000 2000000000 15799056 3471420 863 0 21.9051062291 21.7775036686
45 1 10000 101 128000000 2000000000 42720451 10310620 2288 0 24.1102323569 23.9697844014
5 66 10000 100 128000000 2000000000 45056201 10310620 2453 0 22.8603383583 22.7271713387
