SLOWDOWN#1BDP=104000Bytes
#Category,Avg  ,50%  ,95%   ,99%   ,99.9% 
<1BDP,1.437,1.108,3.000,4.677,7.289
>1BDP,3.943,2.295,11.223,17.288,24.281
#
#
#
#
#
#CDF   Size	Avg   50%   95%    99%    99.9% 
#0.050 875	1.358 1.004 2.983 4.719 7.640
#0.100 1751	1.370 1.021 2.996 4.827 7.381
#0.150 2620	1.379 1.034 2.987 4.775 7.346
#0.200 3501	1.384 1.046 2.975 4.782 7.448
#0.250 4185	1.399 1.059 3.022 4.752 7.735
#0.300 4615	1.402 1.064 3.018 4.725 7.615
#0.350 5049	1.402 1.070 2.988 4.748 7.435
#0.400 5480	1.406 1.075 2.999 4.677 7.529
#0.450 5913	1.410 1.080 3.014 4.834 7.274
#0.500 6345	1.419 1.088 3.006 4.816 7.382
#0.550 6779	1.409 1.091 2.978 4.588 7.403
#0.600 7206	1.417 1.098 2.963 4.694 7.210
#0.650 7639	1.425 1.103 2.999 4.744 7.400
#0.700 8574	1.429 1.109 2.994 4.752 7.187
#0.750 12087	1.452 1.138 3.008 4.634 7.254
#0.800 15575	1.473 1.173 3.014 4.650 7.110
#0.850 23176	1.511 1.223 2.995 4.541 6.920
#0.900 31278	1.556 1.286 3.024 4.543 6.790
#0.950 93286	1.665 1.436 3.019 4.189 6.014
#1.000 1999844	3.707 2.138 10.764 16.903 23.985
#
#
#
#
#
ABSOLUTE#1BDP=104000Bytes
#Category,Avg  ,50%  ,95%   ,99%   ,99.9% 
<1BDP,12.767,9.872,28.555,44.171,67.481
>1BDP,335.452,101.476,1171.921,2031.758,3384.382
#
#
#
#
#
#CDF  ,Size  ,Avg   ,50%   ,95%    ,99%    ,99.9%   >> scale: us-scale
#0.050 875	10.798 8.391 24.802 39.258 63.665
#0.100 1751	11.026 8.596 25.145 40.637 62.234
#0.150 2620	11.205 8.762 25.307 40.509 62.438
#0.200 3501	11.342 8.932 25.413 40.945 63.405
#0.250 4185	11.572 9.100 25.929 40.946 66.669
#0.300 4615	11.638 9.179 26.068 40.861 65.672
#0.350 5049	11.686 9.262 25.928 41.292 64.971
#0.400 5480	11.776 9.340 26.105 40.933 65.950
#0.450 5913	11.843 9.406 26.324 42.319 63.652
#0.500 6345	12.000 9.520 26.434 42.430 65.185
#0.550 6779	11.945 9.577 26.277 40.731 65.602
#0.600 7206	12.064 9.669 26.297 41.624 64.202
#0.650 7639	12.180 9.744 26.517 42.177 65.821
#0.700 8574	12.281 9.840 26.744 42.463 64.504
#0.750 12087	12.776 10.314 27.454 42.582 66.413
#0.800 15575	13.402 10.946 28.455 43.861 67.302
#0.850 23176	14.387 11.945 29.544 44.950 67.956
#0.900 31278	15.868 13.358 31.924 48.048 71.981
#0.950 93286	21.046 18.477 40.214 55.888 81.847
#1.000 1999844	302.045 68.799 1126.020 1955.070 3302.720
#
#EOF