164 30 10000 100 16384 2000000000 11342 11938 0 0 11.6240521954 11.55633927
67 141 10000 100 16384 2000000000 11970 11938 0 0 11.0142021721 10.9500417711
160 115 10000 100 16384 2000000000 12008 11938 0 0 10.9793471019 10.9153897402
230 129 10000 100 16384 2000000000 12622 11938 0 0 10.4452543179 10.3844081762
232 103 10000 100 16384 2000000000 13289 11938 0 0 9.92098728272 9.86319512379
40 205 10000 100 16384 2000000000 13294 11938 0 0 9.91725590492 9.85948548217
77 212 10000 100 40960 2000000000 13328 13916 0 0 24.7298919568 24.5858343337
219 37 10000 100 40960 2000000000 13336 13916 0 0 24.7150569886 24.5710857828
112 26 10000 100 40960 2000000000 13990 13916 0 0 23.5596854896 23.4224446033
88 7 10000 100 40960 2000000000 14000 13916 0 0 23.5428571429 23.4057142857
243 13 10000 100 40960 2000000000 14022 13916 0 0 23.5059192697 23.3689915847
222 51 10000 100 40960 2000000000 14657 13916 0 0 22.4875486116 22.3565531828
130 76 10000 100 204800 2000000000 26682 27100 0 0 61.7644854209 61.4046923019
183 1 10000 100 204800 2000000000 27999 27100 0 0 58.859244973 58.5163755848
49 146 10000 100 204800 2000000000 28009 27100 0 0 58.8382305687 58.4954835946
31 206 10000 100 204800 2000000000 28616 27100 0 0 57.5901593514 57.254682695
1 72 10000 100 204800 2000000000 28651 27100 0 0 57.5198073366 57.1847404977
13 216 10000 100 204800 2000000000 42460 27100 0 0 38.813000471 38.5869053227
136 12 10000 100 614400 2000000000 60426 60060 0 0 81.8190845 81.3424684738
189 40 10000 100 614400 2000000000 60627 60060 0 0 81.5478252264 81.0727893513
74 234 10000 100 614400 2000000000 61296 60060 0 0 80.6577916993 80.1879404855
167 203 10000 100 614400 2000000000 63258 60060 0 0 78.1561225458 77.700844162
84 181 10000 100 614400 2000000000 63354 60060 0 0 78.0376929633 77.5831044606
190 28 10000 100 614400 2000000000 65351 60060 0 0 75.6530121957 75.2123150373
58 222 10000 100 1024000 2000000000 97245 93020 0 0 84.734433647 84.2408350044
75 178 10000 100 1024000 2000000000 98506 93020 0 0 83.6497269202 83.1624469575
60 254 10000 100 1024000 2000000000 99082 93020 0 0 83.1634403827 82.6789931572
154 19 10000 100 1024000 2000000000 100362 93020 0 0 82.1027879078 81.6245192403
92 224 10000 100 1024000 2000000000 100765 93020 0 0 81.7744256438 81.2980697663
148 216 10000 101 1024000 2000000000 114573 93020 0 0 71.9192130781 71.5002662058
137 15 10000 100 2048000 2000000000 189960 175420 0 0 86.7551063382 86.2497367867
217 49 10000 100 2048000 2000000000 190640 175420 0 0 86.4456567352 85.9420898028
53 3 10000 100 2048000 2000000000 190791 175420 0 0 86.3772400166 85.8740716281
70 241 10000 100 2048000 2000000000 192611 175420 0 0 85.561053107 85.0626392054
153 21 10000 100 5120000 2000000000 465191 422620 0 0 88.5657719087 88.0498547908
27 184 10000 100 5120000 2000000000 465312 422620 0 0 88.5427412145 88.026958256
89 162 10000 100 5120000 2000000000 465527 422620 0 0 88.5018484427 87.9863036945
10 255 10000 100 5120000 2000000000 839415 422620 0 0 49.0818010162 48.7958876122
32 116 10000 100 12288000 2000000000 1144094 999420 3 0 86.4264649583 85.9230098226
150 233 10000 100 12288000 2000000000 1176550 999420 6 0 84.0423271429 83.5527601887
235 98 10000 100 12288000 2000000000 1191069 999420 4 0 83.0178604262 82.5342612393
142 45 10000 100 12288000 2000000000 1598814 999420 12 0 61.8458432313 61.4855761833
196 68 10000 100 25600000 2000000000 2470679 2070620 11 0 83.3778892361 82.892192794
205 67 10000 100 25600000 2000000000 2496267 2070620 14 0 82.5232236776 82.0425058698
166 46 10000 100 25600000 2000000000 2568352 2070620 18 0 80.2070744197 79.7398487435
35 255 10000 101 25600000 2000000000 3053369 2070620 23 0 67.4664608175 67.0734523079
104 176 10000 100 43008000 2000000000 4149585 3471420 20 0 83.4011111955 82.9152794798
195 61 10000 100 43008000 2000000000 4357621 3471420 35 0 79.4194814097 78.9568436539
103 232 10000 100 43008000 2000000000 4524264 3471420 23 0 76.494209887 76.0486125478
62 109 10000 100 43008000 2000000000 4534244 3471420 21 0 76.3258439555 75.8812273887
98 197 10000 100 128000000 2000000000 13001341 10310620 85 0 79.2225971152 78.7611062582
225 56 10000 100 128000000 2000000000 13367753 10310620 110 0 77.0510945258 76.6022531984
