49 146 10000 100 16384 2000000000 11968 11938 0 0 11.0160427807 10.9518716578
230 129 10000 100 16384 2000000000 11989 11938 0 0 10.9967470181 10.9326882976
40 205 10000 100 16384 2000000000 12627 11938 0 0 10.4411182387 10.3802961907
130 76 10000 100 16384 2000000000 12632 11938 0 0 10.4369854338 10.3761874604
219 37 10000 100 16384 2000000000 12638 11938 0 0 10.4320303846 10.3712612755
222 51 10000 100 16384 2000000000 12638 11938 0 0 10.4320303846 10.3712612755
112 26 10000 100 16384 2000000000 12648 11938 0 0 10.4237824162 10.3630613536
164 30 10000 100 16384 2000000000 12677 11938 0 0 10.3999368936 10.3393547369
84 181 10000 100 16384 2000000000 13284 11938 0 0 9.92472146944 9.86690755796
189 40 10000 100 16384 2000000000 13289 11938 0 0 9.92098728272 9.86319512379
136 12 10000 100 16384 2000000000 13289 11938 0 0 9.92098728272 9.86319512379
31 206 10000 100 16384 2000000000 13289 11938 0 0 9.92098728272 9.86319512379
13 216 10000 100 16384 2000000000 13297 11938 0 0 9.91501842521 9.85726103632
183 1 10000 100 16384 2000000000 13305 11938 0 0 9.90905674558 9.85133408493
77 212 10000 100 16384 2000000000 13305 11938 0 0 9.90905674558 9.85133408493
160 115 10000 100 16384 2000000000 13309 11938 0 0 9.90607859343 9.84837328124
67 141 10000 100 16384 2000000000 13954 11938 0 0 9.44818689981 9.39314891787
243 13 10000 100 16384 2000000000 13956 11938 0 0 9.44683290341 9.39180280883
74 234 10000 100 16384 2000000000 13980 11938 0 0 9.43061516452 9.3756795422
88 7 10000 100 16384 2000000000 14616 11938 0 0 9.02025177887 8.96770662288
1 72 10000 100 16384 2000000000 15267 11938 0 0 8.63561930962 8.58531473112
232 103 10000 100 16384 2000000000 15275 11938 0 0 8.63109656301 8.58081833061
150 233 10000 100 40960 2000000000 15313 13916 0 0 21.5241951283 21.3988114674
166 46 10000 100 40960 2000000000 16005 13916 0 0 20.5935645111 20.4736019994
205 67 10000 100 40960 2000000000 17350 13916 0 0 18.9971181556 18.8864553314
70 241 10000 100 40960 2000000000 18614 13916 0 0 17.7071021812 17.6039540131
35 255 10000 101 40960 2000000000 23924 13916 0 0 13.7769603745 13.6967062364
167 203 10000 100 16384 2000000000 73960 11938 1 0 1.78258518118 1.77220118983
190 28 10000 100 16384 2000000000 73975 11938 1 0 1.78222372423 1.77184183846
58 222 10000 100 40960 2000000000 74639 13916 1 0 4.41592197109 4.39019815378
195 61 10000 100 40960 2000000000 74643 13916 1 0 4.41568532883 4.38996289002
27 184 10000 100 40960 2000000000 74674 13916 1 0 4.41385221094 4.38814045049
75 178 10000 100 40960 2000000000 75310 13916 1 0 4.37657681583 4.3510821936
217 49 10000 100 40960 2000000000 75315 13916 2 0 4.37628626436 4.35079333466
196 68 10000 100 40960 2000000000 75959 13916 3 0 4.33918298029 4.31390618623
10 255 10000 100 40960 2000000000 75962 13916 3 0 4.33901161107 4.31373581528
60 254 10000 100 40960 2000000000 75972 13916 1 0 4.33844047807 4.31316800927
89 162 10000 100 40960 2000000000 76003 13916 2 0 4.33667092088 4.31140876018
148 216 10000 101 40960 2000000000 76613 13916 3 0 4.30214193414 4.27708091316
32 116 10000 100 40960 2000000000 76640 13916 3 0 4.3006263048 4.27557411273
142 45 10000 100 40960 2000000000 76676 13916 4 0 4.29860712609 4.27356669623
153 21 10000 100 40960 2000000000 76682 13916 1 0 4.29827078063 4.27323231006
137 15 10000 100 40960 2000000000 77302 13916 3 0 4.26379653825 4.23895888852
92 224 10000 100 40960 2000000000 77309 13916 3 0 4.26341046967 4.23857506888
235 98 10000 100 40960 2000000000 78015 13916 3 0 4.22482855861 4.20021790681
53 3 10000 100 40960 2000000000 78035 13916 3 0 4.22374575511 4.19914141091
103 232 10000 100 40960 2000000000 80668 13916 2 0 4.08588287797 4.06208161849
4 167 10000 100 204800 2000000000 99324 27100 16 0 16.592163022 16.4955096452
248 97 10000 100 204800 2000000000 101780 27100 16 0 16.1917862055 16.0974651208
62 109 10000 100 204800 2000000000 113788 27100 16 0 14.4830737863 14.3987063662
163 40 10000 101 204800 2000000000 116629 27100 16 0 14.1302763464 14.047964057
99 174 10000 100 204800 2000000000 117812 27100 16 0 13.9883882796 13.9069025227
194 64 10000 100 614400 2000000000 139158 60060 16 0 35.5279610227 35.3210020265
154 19 10000 100 40960 2000000000 145911 13916 5 0 2.25891125412 2.24575254779
64 174 10000 101 614400 2000000000 154376 60060 16 0 32.0257034772 31.8391459812
231 75 10000 100 204800 2000000000 159979 27100 18 0 10.3013520525 10.2413441764
0 124 10000 100 204800 2000000000 161912 27100 19 0 10.1783684965 10.1190770295
98 197 10000 100 204800 2000000000 165203 27100 24 0 9.97560576987 9.917495445
104 176 10000 100 204800 2000000000 169326 27100 32 0 9.73270495966 9.67600959097
46 181 10000 101 1024000 2000000000 170492 93020 16 0 48.3307134646 48.0491753279
151 250 10000 100 614400 2000000000 176080 60060 16 0 28.0781462971 27.9145842799
213 4 10000 100 204800 2000000000 177884 27100 16 0 9.26446448247 9.2104967282
233 172 10000 100 614400 2000000000 201973 60060 32 0 24.4785194061 24.3359260891
170 70 10000 100 614400 2000000000 205060 60060 32 0 24.1100165805 23.969569882
225 56 10000 100 204800 2000000000 221942 27100 21 0 7.42536338323 7.38210883925
86 212 10000 101 204800 2000000000 231373 27100 36 0 7.12269798118 7.08120653663
145 92 10000 100 1024000 2000000000 237374 93020 32 0 34.7131530833 34.5109405411
187 159 10000 100 1024000 2000000000 238610 93020 32 0 34.5333389213 34.3321738402
227 3 10000 101 204800 2000000000 240020 27100 42 0 6.86609449213 6.82609782518
6 225 10000 100 1024000 2000000000 242447 93020 32 0 33.9868094883 33.7888280738
110 20 10000 100 204800 2000000000 242646 27100 37 0 6.79178721265 6.75222340364
38 187 10000 100 1024000 2000000000 243966 93020 32 0 33.7751981834 33.5784494561
87 0 10000 100 204800 2000000000 247791 27100 39 0 6.65076616988 6.61202384267
200 111 10000 100 614400 2000000000 248581 60060 18 0 19.8888893359 19.7730317281
57 252 10000 100 204800 2000000000 251844 27100 36 0 6.54373342228 6.50561458681
11 189 10000 100 204800 2000000000 253208 27100 40 0 6.50848314429 6.47056965025
106 251 10000 100 204800 2000000000 258691 27100 41 0 6.37053473062 6.33342481957
116 234 10000 101 204800 2000000000 258740 27100 39 0 6.36932828322 6.33222540002
79 221 10000 100 204800 2000000000 262256 27100 42 0 6.28393630651 6.2473308523
15 232 10000 101 204800 2000000000 276531 27100 42 0 5.95954883901 5.92483302053
14 131 10000 100 614400 2000000000 277088 60060 48 0 17.84270701 17.738768911
236 52 10000 100 1024000 2000000000 305354 93020 48 0 26.9850730627 26.8278784624
214 109 10000 101 204800 2000000000 320664 27100 52 0 5.13933587805 5.10939799915
91 191 10000 100 614400 2000000000 333028 60060 48 0 14.8455985683 14.7591193533
152 201 10000 100 2048000 2000000000 335706 175420 33 0 49.0905732993 48.8046087946
72 188 10000 100 1024000 2000000000 381047 93020 64 0 21.6246289828 21.4986602703
244 19 10000 101 204800 2000000000 388480 27100 54 0 4.24217462932 4.21746293245
216 103 10000 101 614400 2000000000 396385 60060 64 0 12.4727222271 12.4000655928
176 63 10000 100 2048000 2000000000 399495 175420 47 0 41.2520807519 41.0117773689
96 6 10000 100 2048000 2000000000 401723 175420 43 0 41.023292169 40.784321535
207 156 10000 100 2048000 2000000000 404147 175420 47 0 40.7772419441 40.5397046124
191 68 10000 101 614400 2000000000 419848 60060 77 0 11.7756902498 11.7070939959
42 249 10000 100 204800 2000000000 425217 27100 56 0 3.87566818824 3.85309148035
134 4 10000 101 1024000 2000000000 445274 93020 22 0 18.5054595597 18.3976607662
221 57 10000 100 1024000 2000000000 451513 93020 79 0 18.2497513914 18.14344216
177 16 10000 100 614400 2000000000 482298 60060 92 0 10.2509237028 10.1912095841
37 111 10000 101 1024000 2000000000 490169 93020 64 0 16.8105286136 16.7126032042
140 102 10000 100 2048000 2000000000 536218 175420 86 0 30.7337687284 30.5547370659
133 234 10000 102 1024000 2000000000 544890 93020 96 0 15.1223182661 15.0342270917
50 190 10000 100 614400 2000000000 547384 60060 98 0 9.03205062625 8.97943673911
199 33 10000 100 614400 2000000000 558299 60060 80 0 8.85546991845 8.80388465679
204 135 10000 100 614400 2000000000 566197 60060 112 0 8.73194312227 8.68107743418
210 123 10000 100 614400 2000000000 575121 60060 95 0 8.59645187708 8.54637545838
185 111 10000 102 2048000 2000000000 618313 175420 55 0 26.6531675705 26.4979064002
203 2 10000 100 614400 2000000000 631209 60060 121 0 7.83258793838 7.78696121253
201 103 10000 102 2048000 2000000000 655974 175420 93 0 25.1229469461 24.9765996823
2 128 10000 100 1024000 2000000000 663285 93020 113 0 12.4230157474 12.3506486654
212 5 10000 100 1024000 2000000000 672616 93020 129 0 12.2506749765 12.1793118213
129 250 10000 102 2048000 2000000000 678898 175420 81 0 24.2746333028 24.1332276719
19 13 10000 101 614400 2000000000 701951 60060 124 0 7.04322666397 7.00219815913
16 245 10000 100 614400 2000000000 707349 60060 126 0 6.98947761289 6.94876220932
28 209 10000 100 614400 2000000000 713306 60060 136 0 6.93110670596 6.89073132709
172 241 10000 101 614400 2000000000 720208 60060 144 0 6.86468353587 6.82469508809
165 22 10000 100 614400 2000000000 724068 60060 112 0 6.82808796964 6.78831269991
192 14 10000 100 2048000 2000000000 731942 175420 91 0 22.5154452129 22.3842872796
44 206 10000 101 614400 2000000000 791962 60060 146 0 6.24272376705 6.20635838588
247 191 10000 101 2048000 2000000000 794012 175420 109 0 20.7553538234 20.6344488496
251 140 10000 100 1024000 2000000000 797334 93020 147 0 10.3344395197 10.2742389011
30 249 10000 101 1024000 2000000000 839618 93020 160 0 9.81398683687 9.75681798151
211 40 10000 102 1024000 2000000000 854686 93020 159 0 9.64096756002 9.58480658394
47 136 10000 100 614400 2000000000 877620 60060 166 0 5.63341765229 5.60060162713
124 253 10000 100 1024000 2000000000 898174 93020 177 0 9.17416892495 9.12072716422
123 134 10000 100 614400 2000000000 918289 60060 176 0 5.38392597537 5.35256329979
20 250 10000 101 1024000 2000000000 939885 93020 144 0 8.76703000899 8.71595993127
226 155 10000 100 1024000 2000000000 946682 93020 180 0 8.70408437046 8.65338096636
220 141 10000 101 5120000 2000000000 958031 422620 108 0 43.0048714499 42.7543576356
173 221 10000 101 1024000 2000000000 970166 93020 190 0 8.49339185253 8.44391578348
33 148 10000 100 1024000 2000000000 970630 93020 195 0 8.48933167118 8.43987925368
83 217 10000 100 5120000 2000000000 1025096 422620 121 0 40.1913576875 39.9572332738
202 185 10000 100 5120000 2000000000 1164108 422620 155 0 35.3919052184 35.1857387803
54 189 10000 101 2048000 2000000000 1199683 175420 224 0 13.7369621808 13.6569410419
107 22 10000 101 2048000 2000000000 1224770 175420 196 0 13.4555875797 13.3772055161
115 45 10000 101 2048000 2000000000 1230309 175420 226 0 13.3950088961 13.3169797181
198 117 10000 100 5120000 2000000000 1241025 422620 177 0 33.1983642554 33.0049757257
184 4 10000 102 5120000 2000000000 1254796 422620 48 0 32.8340224228 32.6427562727
144 33 10000 101 1024000 2000000000 1275633 93020 230 0 6.45953812735 6.4219097499
174 19 10000 102 1024000 2000000000 1353844 93020 240 0 6.08637331923 6.05091871737
175 89 10000 100 2048000 2000000000 1357881 175420 250 0 12.1365568853 12.0658584957
5 66 10000 100 5120000 2000000000 1365581 422620 211 0 30.1703084621 29.9945590924
215 31 10000 100 1024000 2000000000 1381365 93020 237 0 5.96511421673 5.93036597858
94 132 10000 100 5120000 2000000000 1532751 422620 238 0 26.879773688 26.723192482
52 255 10000 103 5120000 2000000000 1556644 422620 170 0 26.4671948114 26.3130169775
59 130 10000 100 5120000 2000000000 1579151 422620 239 0 26.089968597 25.9379881975
240 24 10000 100 5120000 2000000000 1592741 422620 264 0 25.8673569651 25.7166733323
113 30 10000 101 2048000 2000000000 1602054 175420 311 0 10.2867943278 10.226871254
245 121 10000 100 12288000 2000000000 1602665 999420 111 0 61.6972355421 61.33783417
26 123 10000 101 5120000 2000000000 1654943 422620 258 0 24.8951172336 24.7500971333
65 94 10000 100 12288000 2000000000 1657443 999420 126 0 59.6581601901 59.3106369269
25 255 10000 102 5120000 2000000000 1787933 422620 259 0 23.0433690748 22.9091358569
45 1 10000 101 5120000 2000000000 2176266 422620 390 0 18.9315092916 18.821228655
9 62 10000 100 12288000 2000000000 2335882 999420 298 0 42.3309054139 42.0843176154
68 213 10000 100 12288000 2000000000 2355722 999420 284 0 41.9743925641 41.7298815395
43 220 10000 100 12288000 2000000000 2474025 999420 308 0 39.9672598296 39.7344408403
48 154 10000 100 12288000 2000000000 2580546 999420 333 0 38.3174723489 38.0942637721
224 55 10000 100 12288000 2000000000 2833664 999420 392 0 34.8947511067 34.6914807119
179 254 10000 101 12288000 2000000000 2930380 999420 412 0 33.7430640395 33.5465025014
135 41 10000 100 12288000 2000000000 2980001 999420 427 0 33.1811969191 32.9879083933
29 184 10000 101 12288000 2000000000 3067262 999420 460 0 32.2372200353 32.0494304041
197 18 10000 100 12288000 2000000000 3674068 999420 590 0 26.912947719 26.7561732663
78 196 10000 100 12288000 2000000000 3986883 999420 148 0 24.8013297606 24.656855995
193 21 10000 101 12288000 2000000000 4050588 999420 674 0 24.41127066 24.2690690833
3 153 10000 100 25600000 2000000000 4310633 2070620 452 0 47.7888050317 47.5104236431
149 48 10000 100 25600000 2000000000 4432622 2070620 480 0 46.4736221586 46.2029020295
158 22 10000 102 25600000 2000000000 4711511 2070620 501 0 43.7227038205 43.4680084584
241 33 10000 102 5120000 2000000000 4730578 422620 918 0 8.70929514322 8.6585613851
156 53 10000 100 25600000 2000000000 4775564 2070620 553 0 43.1362662086 42.8849869879
223 128 10000 101 25600000 2000000000 4990804 2070620 607 0 41.2759146622 41.0354724409
126 193 10000 100 25600000 2000000000 5047116 2070620 645 0 40.8153884317 40.5776288875
157 47 10000 100 25600000 2000000000 5081293 2070620 196 0 40.5408623356 40.3047019725
121 243 10000 100 25600000 2000000000 5224355 2070620 669 0 39.430704843 39.2010114167
21 118 10000 101 25600000 2000000000 5250357 2070620 212 0 39.235427229 39.0068713423
76 118 10000 100 25600000 2000000000 5583839 2070620 277 0 36.8921811678 36.6772752581
188 19 10000 103 25600000 2000000000 5585081 2070620 697 0 36.8839771527 36.6691190334
169 239 10000 100 25600000 2000000000 6014570 2070620 875 0 34.250162522 34.0506470122
24 196 10000 101 25600000 2000000000 6435787 2070620 208 0 32.0085173732 31.8220599905
228 90 10000 100 43008000 2000000000 6571977 3471420 621 0 52.6599530096 52.3531960018
8 89 10000 101 43008000 2000000000 6676868 3471420 645 0 51.8326856245 51.5307476499
209 69 10000 100 43008000 2000000000 6759699 3471420 692 0 51.1975459262 50.8993077946
105 8 10000 100 43008000 2000000000 6962919 3471420 706 0 49.7032925415 49.4137587986
237 4 10000 103 25600000 2000000000 7402829 2070620 1083 0 27.8271995746 27.665099383
41 31 10000 101 43008000 2000000000 7742100 3471420 883 0 44.7010501027 44.4406556361
85 14 10000 101 43008000 2000000000 7747759 3471420 838 0 44.6684002432 44.40819597
17 191 10000 102 43008000 2000000000 7770781 3471420 910 0 44.536064007 44.2766306244
238 134 10000 101 43008000 2000000000 8258949 3471420 1008 0 41.9036368913 41.6595380357
114 244 10000 100 5120000 2000000000 8277431 422620 1687 0 4.97738972394 4.94839522069
208 7 10000 101 43008000 2000000000 8412573 3471420 1078 0 41.1384245938 40.8987832854
93 196 10000 102 43008000 2000000000 8647176 3471420 357 0 40.0223147997 39.7891751018
180 44 10000 101 43008000 2000000000 8709173 3471420 797 0 39.737412496 39.5059324232
168 223 10000 100 43008000 2000000000 9207600 3471420 1254 0 37.5863417177 37.3673921543
102 247 10000 100 12288000 2000000000 9396444 999420 1824 0 10.5231298138 10.4618300285
119 107 10000 100 43008000 2000000000 9477429 3471420 1318 0 36.5162324086 36.3035164917
239 46 10000 101 12288000 2000000000 9865685 999420 2055 0 10.0226188045 9.96423461726
61 251 10000 101 43008000 2000000000 12829475 3471420 2047 0 26.9753828586 26.818244706
34 252 10000 101 25600000 2000000000 13036540 2070620 2376 0 15.8017388049 15.709689841
100 44 10000 100 43008000 2000000000 14794756 3471420 2271 0 23.3920721639 23.2558076659
120 204 10000 100 128000000 2000000000 19072642 10310620 1756 0 54.0040546034 53.6894678776
82 232 10000 102 128000000 2000000000 19272014 10310620 1809 0 53.4453742095 53.1340419325
234 17 10000 100 128000000 2000000000 19689638 10310620 1874 0 52.3117794243 52.0070506121
246 9 10000 100 128000000 2000000000 20396874 10310620 2054 0 50.4979341442 50.2037714211
118 47 10000 101 128000000 2000000000 21507969 10310620 1898 0 47.8892265467 47.6102601784
