230 129 10000 100 16384 2000000000 11342 11938 0 0 11.6240521954 11.55633927
112 26 10000 100 16384 2000000000 11981 11938 0 0 11.0040898089 10.9399883148
160 115 10000 100 16384 2000000000 12004 11938 0 0 10.9830056648 10.919026991
222 51 10000 100 16384 2000000000 12004 11938 0 0 10.9830056648 10.919026991
243 13 10000 100 16384 2000000000 12012 11938 0 0 10.9756909757 10.9117549118
31 206 10000 100 16384 2000000000 12614 11938 0 0 10.4518788648 10.3909941335
67 141 10000 100 16384 2000000000 12627 11938 0 0 10.4411182387 10.3802961907
183 1 10000 100 16384 2000000000 12630 11938 0 0 10.4386381631 10.3778305622
219 37 10000 100 16384 2000000000 12638 11938 0 0 10.4320303846 10.3712612755
164 30 10000 100 16384 2000000000 12664 11938 0 0 10.4106127606 10.3499684144
40 205 10000 100 16384 2000000000 13294 11938 0 0 9.91725590492 9.85948548217
77 212 10000 100 16384 2000000000 13305 11938 0 0 9.90905674558 9.85133408493
88 7 10000 100 16384 2000000000 13338 11938 0 0 9.88454041086 9.8269605638
13 216 10000 100 16384 2000000000 13951 11938 0 0 9.45021862232 9.3951688051
232 103 10000 100 16384 2000000000 14613 11938 0 0 9.02210360638 8.96954766304
130 76 10000 100 40960 2000000000 15314 13916 0 0 21.5227896043 21.3974141309
148 216 10000 101 40960 2000000000 15314 13916 0 0 21.5227896043 21.3974141309
84 181 10000 100 40960 2000000000 16638 13916 0 0 19.8100733261 19.6946748407
189 40 10000 100 40960 2000000000 17962 13916 0 0 18.3498496827 18.2429573544
89 162 10000 100 204800 2000000000 27294 27100 0 0 60.3795706016 60.0278449476
153 21 10000 100 204800 2000000000 28612 27100 0 0 57.598210541 57.2626869845
53 3 10000 100 204800 2000000000 37826 27100 0 0 43.5679162481 43.3141225612
99 174 10000 100 614400 2000000000 73648 60060 0 0 67.1301325223 66.7390832066
58 222 10000 100 40960 2000000000 74008 13916 1 0 4.45357258675 4.42762944547
60 254 10000 100 40960 2000000000 74012 13916 1 0 4.45333189213 4.42739015295
75 178 10000 100 40960 2000000000 74644 13916 1 0 4.41562617223 4.38990407802
49 146 10000 100 40960 2000000000 74661 13916 1 0 4.41462075247 4.38890451507
1 72 10000 100 40960 2000000000 76013 13916 3 0 4.33610040388 4.31084156657
92 224 10000 100 40960 2000000000 76652 13916 3 0 4.29995303449 4.27490476439
136 12 10000 100 40960 2000000000 76652 13916 3 0 4.29995303449 4.27490476439
190 28 10000 100 40960 2000000000 76689 13916 4 0 4.29787844411 4.27284225899
154 19 10000 100 40960 2000000000 77278 13916 4 0 4.26512073294 4.24027536945
167 203 10000 100 40960 2000000000 77324 13916 4 0 4.26258341524 4.23775283224
74 234 10000 100 40960 2000000000 81995 13916 2 0 4.01975730227 3.99634124032
166 46 10000 100 204800 2000000000 98080 27100 16 0 16.8026101142 16.704730832
217 49 10000 100 204800 2000000000 98575 27100 16 0 16.7182348466 16.6208470708
142 45 10000 100 204800 2000000000 98680 27100 16 0 16.7004458857 16.6031617349
32 116 10000 100 204800 2000000000 98686 27100 16 0 16.699430517 16.602152281
86 212 10000 101 1024000 2000000000 99656 93020 0 0 82.6844344545 82.2027775548
163 40 10000 101 1024000 2000000000 129683 93020 0 0 63.5395541436 63.1694208185
195 61 10000 100 614400 2000000000 131595 60060 16 0 37.5698164824 37.3509631825
98 197 10000 100 614400 2000000000 133784 60060 16 0 36.9550917898 36.7398194104
225 56 10000 100 614400 2000000000 133958 60060 16 0 36.907090282 36.6920975231
15 232 10000 101 614400 2000000000 153471 60060 15 0 32.2145551928 32.0268975898
4 167 10000 100 1024000 2000000000 164634 93020 16 0 50.0504148596 49.7588590449
150 233 10000 100 204800 2000000000 168793 27100 31 0 9.76343805727 9.70656366082
14 131 10000 100 1024000 2000000000 170044 93020 16 0 48.4580461528 48.1757662723
235 98 10000 100 204800 2000000000 170439 27100 32 0 9.66914849301 9.61282335616
57 252 10000 100 1024000 2000000000 171111 93020 16 0 48.1558754259 47.8753557632
35 255 10000 101 204800 2000000000 183816 27100 23 0 8.96548722636 8.91326108717
216 103 10000 101 1024000 2000000000 201907 93020 16 0 40.8108683701 40.5731351563
104 176 10000 100 614400 2000000000 203129 60060 32 0 24.3392130124 24.197431189
0 124 10000 100 614400 2000000000 205302 60060 32 0 24.0815968671 23.9413157203
103 232 10000 100 614400 2000000000 226757 60060 32 0 21.803075539 21.676067332
27 184 10000 100 204800 2000000000 229159 27100 34 0 7.19151331608 7.1496210055
11 189 10000 100 614400 2000000000 241706 60060 32 0 20.4546018717 20.3354488511
79 221 10000 100 1024000 2000000000 256633 93020 16 0 32.1081076869 31.9210701663
10 255 10000 100 204800 2000000000 257660 27100 46 0 6.3960257704 6.35876736785
116 234 10000 101 614400 2000000000 258872 60060 32 0 19.098241602 18.9869897092
62 109 10000 100 614400 2000000000 260560 60060 32 0 18.9745164262 18.8639852625
233 172 10000 100 2048000 2000000000 261777 175420 16 0 62.9543466386 62.5876222892
70 241 10000 100 204800 2000000000 273733 27100 42 0 6.02046519784 5.98539452678
248 97 10000 100 1024000 2000000000 306921 93020 48 0 26.8472994679 26.6909074322
106 251 10000 100 1024000 2000000000 309533 93020 48 0 26.6207480301 26.4656757115
227 3 10000 101 1024000 2000000000 320666 93020 48 0 25.6965191196 25.5468306587
137 15 10000 100 204800 2000000000 325775 27100 60 0 5.05870616223 5.02923797099
214 109 10000 101 1024000 2000000000 361406 93020 45 0 22.799842836 22.6670282176
50 190 10000 100 2048000 2000000000 397359 175420 46 0 41.473830969 41.2322358371
210 123 10000 100 2048000 2000000000 400986 175420 48 0 41.0986917249 40.8592818702
91 191 10000 100 2048000 2000000000 402048 175420 48 0 40.9901305317 40.7513530723
196 68 10000 100 204800 2000000000 426476 27100 74 0 3.86422682636 3.84171676718
213 4 10000 100 1024000 2000000000 467492 93020 64 0 17.6259700701 17.5232945163
110 20 10000 100 614400 2000000000 523466 60060 93 0 9.44473948642 9.3897215865
123 134 10000 100 5120000 2000000000 539082 422620 16 0 76.4262208718 75.9810195851
64 174 10000 101 5120000 2000000000 546425 422620 16 0 75.3991856156 74.9599670586
205 67 10000 100 614400 2000000000 575133 60060 102 0 8.59627251436 8.54619714049
231 75 10000 100 1024000 2000000000 592270 93020 112 0 13.9125736573 13.8315295389
47 136 10000 100 2048000 2000000000 610455 175420 94 0 26.9962568904 26.8389971415
151 250 10000 100 2048000 2000000000 683580 175420 97 0 24.1083706369 23.9679335264
203 2 10000 100 1024000 2000000000 829493 93020 152 0 9.93377882634 9.87591215357
200 111 10000 100 2048000 2000000000 857373 175420 127 0 19.2215056924 19.1095357563
44 206 10000 101 5120000 2000000000 880780 422620 92 0 46.776720634 46.5042348827
42 249 10000 100 614400 2000000000 902642 60060 141 0 5.47725454831 5.44534821114
244 19 10000 101 614400 2000000000 960031 60060 168 0 5.14983370329 5.11983467201
204 135 10000 100 5120000 2000000000 1018124 422620 128 0 40.4665836381 40.2308559665
199 33 10000 100 2048000 2000000000 1084448 175420 158 0 15.1966714863 15.1081471864
194 64 10000 100 2048000 2000000000 1204331 175420 225 0 13.6839456927 13.6042333877
170 70 10000 100 5120000 2000000000 1234049 422620 169 0 33.3860324833 33.1915507407
16 245 10000 100 5120000 2000000000 1300665 422620 188 0 31.6761041467 31.4915831517
19 13 10000 101 5120000 2000000000 1302449 422620 185 0 31.632716521 31.4484482694
191 68 10000 101 5120000 2000000000 1345608 422620 194 0 30.6181294998 30.4397714639
133 234 10000 102 12288000 2000000000 1380852 999420 46 0 71.6079637789 71.1908300093
124 253 10000 100 12288000 2000000000 1453744 999420 78 0 68.0174776302 67.6212593139
2 128 10000 100 12288000 2000000000 1648804 999420 123 0 59.9707424291 59.6213982984
145 92 10000 100 12288000 2000000000 1713494 999420 144 0 57.7066508549 57.3704956072
177 16 10000 100 12288000 2000000000 1721947 999420 142 0 57.4233701734 57.0888651044
87 0 10000 100 1024000 2000000000 1735361 93020 336 0 4.74829156585 4.72063161498
165 22 10000 100 12288000 2000000000 1990083 999420 205 0 49.686369865 49.3969347007
28 209 10000 100 12288000 2000000000 2201060 999420 254 0 44.9238094373 44.6621173435
37 111 10000 101 12288000 2000000000 2368420 999420 282 0 41.7493518886 41.5061517805
226 155 10000 100 12288000 2000000000 2810388 999420 409 0 35.183753987 34.9788000803
172 241 10000 101 5120000 2000000000 3011158 422620 569 0 13.6824437642 13.6027402083
221 57 10000 100 25600000 2000000000 3593232 2070620 306 0 57.3300026272 56.9960414468
211 40 10000 102 25600000 2000000000 3624442 2070620 291 0 56.8363350828 56.5052496357
38 187 10000 100 25600000 2000000000 3821510 2070620 364 0 53.9053934178 53.5913814173
6 225 10000 100 25600000 2000000000 3918702 2070620 364 0 52.5684269944 52.2622031479
251 140 10000 100 25600000 2000000000 3944458 2070620 375 0 52.2251726346 51.920948328
30 249 10000 101 25600000 2000000000 4250994 2070620 415 0 48.4592544708 48.1769675516
144 33 10000 101 25600000 2000000000 4423402 2070620 423 0 46.5704903149 46.2992059053
33 148 10000 100 25600000 2000000000 4928472 2070620 596 0 41.7979446774 41.5544615045
134 4 10000 101 25600000 2000000000 4988586 2070620 608 0 41.2942665517 41.0537174261
187 159 10000 100 43008000 2000000000 5204281 3471420 315 0 66.4990994914 66.1117260963
236 52 10000 100 43008000 2000000000 5613316 3471420 400 0 61.6533970295 61.2942510274
72 188 10000 100 43008000 2000000000 5617395 3471420 408 0 61.6086281987 61.2497429859
173 221 10000 101 43008000 2000000000 6607382 3471420 580 0 52.3777798832 52.0726666023
46 181 10000 101 43008000 2000000000 7277311 3471420 800 0 47.5560272194 47.2790018181
20 250 10000 101 43008000 2000000000 8090255 3471420 954 0 42.7773908239 42.5282021395
212 5 10000 100 43008000 2000000000 8922138 3471420 1132 0 38.7889091157 38.5629543053
54 189 10000 101 128000000 2000000000 15558564 10310620 919 0 66.2014823476 65.8158426446
192 14 10000 100 128000000 2000000000 18301598 10310620 1603 0 56.279238567 55.9513983424
201 103 10000 102 128000000 2000000000 18426604 10310620 1580 0 55.8974404616 55.5718243036
113 30 10000 101 128000000 2000000000 18817105 10310620 1693 0 54.7374317144 54.4185728889
215 31 10000 100 43008000 2000000000 85252388 3471420 19350 0 4.05947572988 4.03582829844
174 19 10000 102 43008000 2000000000 85495444 3471420 18250 0 4.04793499874 4.02435479486
