49 146 10000 100 16384 2000000000 11968 11938 0 0 11.0160427807 10.9518716578
130 76 10000 100 16384 2000000000 11970 11938 0 0 11.0142021721 10.9500417711
84 181 10000 100 16384 2000000000 11977 11938 0 0 11.0077648827 10.9436419805
112 26 10000 100 16384 2000000000 11989 11938 0 0 10.9967470181 10.9326882976
230 129 10000 100 16384 2000000000 11993 11938 0 0 10.9930792963 10.9290419411
67 141 10000 100 16384 2000000000 12630 11938 0 0 10.4386381631 10.3778305622
219 37 10000 100 16384 2000000000 12638 11938 0 0 10.4320303846 10.3712612755
164 30 10000 100 16384 2000000000 12677 11938 0 0 10.3999368936 10.3393547369
31 206 10000 100 16384 2000000000 13276 11938 0 0 9.93070201868 9.87285326906
222 51 10000 100 16384 2000000000 13292 11938 0 0 9.91874811917 9.86096900391
40 205 10000 100 16384 2000000000 13294 11938 0 0 9.91725590492 9.85948548217
77 212 10000 100 16384 2000000000 13305 11938 0 0 9.90905674558 9.85133408493
160 115 10000 100 16384 2000000000 13309 11938 0 0 9.90607859343 9.84837328124
88 7 10000 100 16384 2000000000 13328 11938 0 0 9.89195678271 9.83433373349
13 216 10000 100 16384 2000000000 13951 11938 0 0 9.45021862232 9.3951688051
243 13 10000 100 16384 2000000000 13954 11938 0 0 9.44818689981 9.39314891787
183 1 10000 100 16384 2000000000 13975 11938 0 0 9.43398926655 9.37903398927
1 72 10000 100 16384 2000000000 14613 11938 0 0 9.02210360638 8.96954766304
53 3 10000 100 40960 2000000000 14661 13916 0 0 22.4814132733 22.3504535843
153 21 10000 100 40960 2000000000 14674 13916 0 0 22.4614965245 22.3306528554
148 216 10000 101 40960 2000000000 14702 13916 0 0 22.4187185417 22.2881240648
232 103 10000 100 16384 2000000000 15275 11938 0 0 8.63109656301 8.58081833061
137 15 10000 100 40960 2000000000 15302 13916 0 0 21.5396680173 21.414194223
189 40 10000 100 40960 2000000000 20610 13916 0 0 15.9922367783 15.8990781174
14 131 10000 100 614400 2000000000 60474 60060 0 0 81.754142276 81.277904554
58 222 10000 100 40960 2000000000 74008 13916 1 0 4.45357258675 4.42762944547
75 178 10000 100 40960 2000000000 74648 13916 1 0 4.41538956168 4.38966884578
27 184 10000 100 40960 2000000000 74711 13916 1 0 4.41166628743 4.38596726051
217 49 10000 100 40960 2000000000 75310 13916 2 0 4.37657681583 4.3510821936
89 162 10000 100 40960 2000000000 76016 13916 2 0 4.33592927805 4.31067143759
60 254 10000 100 40960 2000000000 76624 13916 1 0 4.30152432658 4.27646690332
154 19 10000 100 40960 2000000000 76634 13916 4 0 4.30096301903 4.27590886552
92 224 10000 100 40960 2000000000 76680 13916 3 0 4.29838288993 4.2733437663
136 12 10000 100 40960 2000000000 77306 13916 3 0 4.26357591907 4.2387395545
190 28 10000 100 40960 2000000000 77306 13916 4 0 4.26357591907 4.2387395545
167 203 10000 100 40960 2000000000 77320 13916 4 0 4.26280393171 4.23797206415
70 241 10000 100 40960 2000000000 78625 13916 4 0 4.1920508744 4.16763116057
74 234 10000 100 40960 2000000000 81956 13916 2 0 4.02167016448 3.99824295964
10 255 10000 100 40960 2000000000 83241 13916 3 0 3.95958722264 3.93652166601
150 233 10000 100 204800 2000000000 97892 27100 16 0 16.8348792547 16.7368119969
195 61 10000 100 204800 2000000000 98021 27100 16 0 16.8127238041 16.7147856072
235 98 10000 100 204800 2000000000 99326 27100 16 0 16.591828927 16.4951774963
0 124 10000 100 204800 2000000000 100035 27100 16 0 16.4742340181 16.3782676063
15 232 10000 101 204800 2000000000 115818 27100 15 0 14.2292217099 14.1463330398
4 167 10000 100 614400 2000000000 131621 60060 16 0 37.5623950585 37.3435849902
163 40 10000 101 614400 2000000000 158762 60060 16 0 31.1409531248 30.9595495144
225 56 10000 100 204800 2000000000 161504 27100 24 0 10.2040816327 10.1446403804
123 134 10000 100 1024000 2000000000 166593 93020 16 0 49.4618621431 49.1737347908
98 197 10000 100 204800 2000000000 167952 27100 26 0 9.81232733162 9.75516814328
104 176 10000 100 204800 2000000000 168644 27100 32 0 9.77206422998 9.71513958398
32 116 10000 100 204800 2000000000 174517 27100 32 0 9.443206106 9.38819713839
11 189 10000 100 204800 2000000000 176050 27100 24 0 9.36097699517 9.30644703209
166 46 10000 100 204800 2000000000 183303 27100 32 0 8.99057844116 8.93820613956
103 232 10000 100 204800 2000000000 187137 27100 32 0 8.80638248983 8.75508317436
116 234 10000 101 204800 2000000000 199700 27100 32 0 8.25237856785 8.20430645969
205 67 10000 100 204800 2000000000 249349 27100 40 0 6.60921038384 6.57071012918
62 109 10000 100 204800 2000000000 252477 27100 35 0 6.52732724169 6.4893039762
244 19 10000 101 204800 2000000000 256596 27100 36 0 6.42254750659 6.38513460849
6 225 10000 100 2048000 2000000000 260999 175420 16 0 63.1420043755 62.7741868743
177 16 10000 100 2048000 2000000000 261237 175420 15 0 63.0844788449 62.7169964438
99 174 10000 100 614400 2000000000 262215 60060 32 0 18.8547565929 18.7449230593
79 221 10000 100 614400 2000000000 268665 60060 32 0 18.4020992686 18.2949025738
47 136 10000 100 614400 2000000000 280960 60060 48 0 17.5968109339 17.4943052392
133 234 10000 102 2048000 2000000000 297253 175420 16 0 55.4409879799 55.1180307684
64 174 10000 101 1024000 2000000000 299642 93020 32 0 27.499482716 27.3392915546
213 4 10000 100 614400 2000000000 301290 60060 32 0 16.4094394105 16.3138504431
233 172 10000 100 1024000 2000000000 308225 93020 48 0 26.733717252 26.5779868602
221 57 10000 100 2048000 2000000000 331224 175420 32 0 49.7548486825 49.4650146125
227 3 10000 101 614400 2000000000 333937 60060 53 0 14.8051878049 14.7189439924
248 97 10000 100 614400 2000000000 341768 60060 57 0 14.4659535123 14.381685822
142 45 10000 100 204800 2000000000 343388 27100 52 0 4.79923584983 4.77127913614
231 75 10000 100 614400 2000000000 348822 60060 64 0 14.173417961 14.0908543613
214 109 10000 101 614400 2000000000 367442 60060 63 0 13.4551847639 13.3768050468
50 190 10000 100 1024000 2000000000 378238 93020 64 0 21.7852251757 21.6583209514
44 206 10000 101 1024000 2000000000 383322 93020 64 0 21.4962877163 21.3710666228
216 103 10000 101 614400 2000000000 421716 60060 64 0 11.7235295791 11.6552371738
35 255 10000 101 204800 2000000000 423988 27100 47 0 3.8869024595 3.86426030925
200 111 10000 100 1024000 2000000000 430539 93020 50 0 19.1388004339 19.027312276
145 92 10000 100 2048000 2000000000 462687 175420 60 0 35.618031196 35.4105475192
194 64 10000 100 1024000 2000000000 465909 93020 80 0 17.6858571094 17.5828326991
196 68 10000 100 204800 2000000000 474408 27100 74 0 3.47380313991 3.45356739347
42 249 10000 100 614400 2000000000 478735 60060 80 0 10.3272165185 10.2670579757
210 123 10000 100 1024000 2000000000 495151 93020 79 0 16.6413881826 16.5444480573
151 250 10000 100 1024000 2000000000 496503 93020 65 0 16.5960729341 16.4993967811
170 70 10000 100 1024000 2000000000 522523 93020 96 0 15.7696407622 15.6777787772
165 22 10000 100 1024000 2000000000 529505 93020 72 0 15.5617038555 15.4710531534
191 68 10000 101 1024000 2000000000 563254 93020 97 0 14.6292791529 14.5440600511
87 0 10000 100 614400 2000000000 634978 60060 118 0 7.78609652618 7.74074062408
203 2 10000 100 614400 2000000000 647553 60060 127 0 7.6348962942 7.59042117016
91 191 10000 100 1024000 2000000000 649408 93020 102 0 12.6884793535 12.6145658815
33 148 10000 100 2048000 2000000000 675108 175420 110 0 24.4109090694 24.2687095991
86 212 10000 101 614400 2000000000 700838 60060 135 0 7.05441200392 7.01331834176
57 252 10000 100 614400 2000000000 736528 60060 130 0 6.71257576087 6.67347337779
199 33 10000 100 1024000 2000000000 756792 93020 94 0 10.8880643559 10.8246387383
187 159 10000 100 5120000 2000000000 807149 422620 76 0 51.0438593122 50.7465164424
226 155 10000 100 2048000 2000000000 818290 175420 146 0 20.1395593249 20.0222415036
37 111 10000 101 2048000 2000000000 841571 175420 129 0 19.582423824 19.4683514522
110 20 10000 100 614400 2000000000 848251 60060 164 0 5.82846350903 5.79451129442
173 221 10000 101 5120000 2000000000 870031 422620 81 0 47.35463449 47.0787822503
134 4 10000 101 2048000 2000000000 886495 175420 100 0 18.5900653698 18.4817737269
106 251 10000 100 614400 2000000000 888936 60060 163 0 5.56170522962 5.52930694673
72 188 10000 100 5120000 2000000000 947791 422620 110 0 43.4694990773 43.2162786944
211 40 10000 102 2048000 2000000000 974279 175420 168 0 16.9150725819 16.8165381785
204 135 10000 100 1024000 2000000000 1011500 93020 195 0 8.14631735047 8.09886307464
16 245 10000 100 1024000 2000000000 1011984 93020 193 0 8.14242122405 8.09498964411
28 209 10000 100 1024000 2000000000 1014714 93020 192 0 8.12051474603 8.07321077663
236 52 10000 100 5120000 2000000000 1019080 422620 126 0 40.4286218943 40.193115359
124 253 10000 100 2048000 2000000000 1027766 175420 175 0 16.0347783445 15.9413718687
19 13 10000 101 1024000 2000000000 1028963 93020 205 0 8.00806248621 7.96141357853
38 187 10000 100 5120000 2000000000 1095979 422620 141 0 37.5919611598 37.3729788618
172 241 10000 101 1024000 2000000000 1153509 93020 222 0 7.14342064084 7.10180848177
2 128 10000 100 2048000 2000000000 1178478 175420 224 0 13.9841388639 13.9026778608
144 33 10000 101 5120000 2000000000 1248355 422620 42 0 33.0034325172 32.8111795122
251 140 10000 100 5120000 2000000000 1371135 422620 214 0 30.0480988378 29.8730613689
212 5 10000 100 5120000 2000000000 1593558 422620 251 0 25.8540950502 25.7034886713
140 102 10000 100 12288000 2000000000 1859318 999420 180 0 53.1807899456 52.8709989362
192 14 10000 100 12288000 2000000000 1859625 999420 175 0 53.172010486 52.8622706191
54 189 10000 101 12288000 2000000000 2001678 999420 206 0 49.3985546127 49.1107960421
107 22 10000 101 12288000 2000000000 2079815 999420 192 0 47.542690095 47.2657423857
20 250 10000 101 5120000 2000000000 2109931 422620 296 0 19.5267049017 19.4129571062
96 6 10000 100 12288000 2000000000 2148145 999420 236 0 46.0304122859 45.762273962
115 45 10000 101 12288000 2000000000 2165289 999420 234 0 45.6659596017 45.399944303
201 103 10000 102 12288000 2000000000 2263219 999420 261 0 43.6899831612 43.4354784049
46 181 10000 101 12288000 2000000000 2290646 999420 276 0 43.1668620992 42.91540465
113 30 10000 101 12288000 2000000000 2498208 999420 315 0 39.5803712101 39.3498059409
185 111 10000 102 12288000 2000000000 2557571 999420 246 0 38.6616832925 38.4364696034
30 249 10000 101 5120000 2000000000 2562573 422620 449 0 16.0775907652 15.9839348967
176 63 10000 100 12288000 2000000000 2682829 999420 373 0 36.8566166535 36.6419179158
152 201 10000 100 25600000 2000000000 3454004 2070620 277 0 59.6409268779 59.2935040029
184 4 10000 102 25600000 2000000000 3598068 2070620 251 0 57.252947971 56.9194356527
175 89 10000 100 25600000 2000000000 3971438 2070620 361 0 51.8703804516 51.5682228956
83 217 10000 100 25600000 2000000000 4165256 2070620 431 0 49.4567440753 49.168646537
207 156 10000 100 25600000 2000000000 4275952 2070620 466 0 48.1764060962 47.8957668374
241 33 10000 102 25600000 2000000000 4374396 2070620 380 0 47.0922157025 46.8178921158
5 66 10000 100 25600000 2000000000 4429279 2070620 483 0 46.5086981425 46.2377736873
247 191 10000 101 25600000 2000000000 4444628 2070620 494 0 46.3480858241 46.0780969746
45 1 10000 101 25600000 2000000000 4507088 2070620 514 0 45.7057860863 45.4395387887
129 250 10000 102 12288000 2000000000 4627143 999420 690 0 21.369557846 21.2450749847
59 130 10000 100 25600000 2000000000 6027575 2070620 889 0 34.1762649158 33.9771798775
202 185 10000 100 25600000 2000000000 6181285 2070620 956 0 33.3264038141 33.1322694229
240 24 10000 100 43008000 2000000000 6202645 3471420 547 0 55.7955517364 55.4705291049
26 123 10000 101 43008000 2000000000 6448478 3471420 568 0 53.6684780502 53.3558461392
224 55 10000 100 43008000 2000000000 6622445 3471420 661 0 52.2586446547 51.9542253654
220 141 10000 101 43008000 2000000000 6656420 3471420 650 0 51.9919115681 51.6890460638
239 46 10000 101 43008000 2000000000 6943744 3471420 716 0 49.8405471169 49.5502138328
198 117 10000 100 43008000 2000000000 7320293 3471420 844 0 47.276796161 47.0013973484
215 31 10000 100 5120000 2000000000 8150711 422620 1810 0 5.05477374919 5.02532846521
43 220 10000 100 43008000 2000000000 8156380 3471420 998 0 42.4305880795 42.1834196053
102 247 10000 100 43008000 2000000000 8205187 3471420 1003 0 42.1781977669 41.9324995274
174 19 10000 102 5120000 2000000000 8217012 422620 1724 0 5.01398805308 4.98478035568
94 132 10000 100 43008000 2000000000 8229785 3471420 992 0 42.052131374 41.8071675019
179 254 10000 101 43008000 2000000000 8735728 3471420 1090 0 39.6166180998 39.3858416837
25 255 10000 102 25600000 2000000000 9553510 2070620 1170 0 21.5627554689 21.4371471846
114 244 10000 100 43008000 2000000000 9695577 3471420 1395 0 35.6946265292 35.4866966659
52 255 10000 103 43008000 2000000000 11821525 3471420 1319 0 29.2754107444 29.1048743711
48 154 10000 100 128000000 2000000000 17126610 10310620 1313 0 60.1403313324 59.7899993052
245 121 10000 100 128000000 2000000000 17283800 10310620 1377 0 59.5933764566 59.2462305743
68 213 10000 100 128000000 2000000000 17620740 10310620 1416 0 58.4538447307 58.1133368973
65 94 10000 100 128000000 2000000000 17944931 10310620 1491 0 57.3978244887 57.0634682296
29 184 10000 101 128000000 2000000000 18499479 10310620 1632 0 55.6772436672 55.352910209
