2000300002 150 1 0 1
2000500002 150 1 0 1
2001100002 150 2 0 2
2001200002 150 1 0 1
2001600002 150 1 0 1
2001800002 150 2 0 2
2001900002 150 1 0 1
2002000002 150 1 0 1
2002200002 150 2 0 2
2002500002 150 1 0 1
2003000002 150 1 0 1
2003200002 150 1 0 1
2003400002 150 1 0 1
2003800002 150 1 0 1
2003900002 150 3 0 3
2004500002 150 1 0 1
2004700002 150 2 0 2
2004800002 150 1 0 1
2004900002 150 3 0 3
2005400002 150 1 0 1
2006100002 150 1 0 1
2006200002 150 1 0 1
2006300002 150 1 0 1
2006400002 150 3 0 3
2006800002 150 1 0 1
2007000002 150 1 0 1
2007700002 150 1 0 1
2008000002 150 1 0 1
