232 103 10000 100 16384 2000000000 20342 11938 0 0 6.48117195949 6.44341755973
67 141 10000 100 16384 2000000000 20574 11938 0 0 6.4080878779 6.37075921065
230 129 10000 100 16384 2000000000 20582 11938 0 0 6.4055971237 6.3682829657
160 115 10000 100 16384 2000000000 21004 11938 0 0 6.27689963816 6.24033517425
164 30 10000 100 40960 2000000000 22328 13916 0 0 14.7617341455 14.6757434611
40 205 10000 100 40960 2000000000 22601 13916 0 0 14.5834255121 14.4984735189
88 7 10000 100 40960 2000000000 22998 13916 1 0 14.3316810157 14.2481954953
243 13 10000 100 40960 2000000000 23876 13916 0 0 13.8046573965 13.7242419166
112 26 10000 100 204800 2000000000 35568 27100 0 0 46.3337831759 46.0638776428
77 212 10000 100 204800 2000000000 36230 27100 2 0 45.4871653326 45.222191554
219 37 10000 100 204800 2000000000 36230 27100 2 0 45.4871653326 45.222191554
222 51 10000 100 204800 2000000000 36541 27100 3 0 45.1000246299 44.8373060398
31 206 10000 100 614400 2000000000 69992 60060 1 0 70.6366441879 70.2251685907
183 1 10000 100 614400 2000000000 71892 60060 5 0 68.7698213988 68.3692204974
49 146 10000 100 614400 2000000000 72030 60060 9 0 68.6380674719 68.2382340691
130 76 10000 100 1024000 2000000000 103092 93020 1 0 79.9286074574 79.4630039188
84 181 10000 100 1024000 2000000000 103092 93020 2 0 79.9286074574 79.4630039188
1 72 10000 100 1024000 2000000000 103754 93020 1 0 79.4186248241 78.9559920581
189 40 10000 100 1024000 2000000000 104416 93020 4 0 78.9151087956 78.4554091327
13 216 10000 100 614400 2000000000 119642 60060 1 0 41.323281122 41.0825629796
190 28 10000 100 2048000 2000000000 192462 175420 11 0 85.6272926604 85.1284928973
136 12 10000 100 2048000 2000000000 194448 175420 16 0 84.75273595 84.259030692
167 203 10000 100 5120000 2000000000 434092 422620 1 0 94.9107562452 94.3578780535
74 234 10000 100 5120000 2000000000 445648 422620 9 0 92.4496463577 91.9111047284
75 178 10000 100 12288000 2000000000 1144378 999420 31 0 86.4050165243 85.9016863309
60 254 10000 100 12288000 2000000000 1149563 999420 27 0 86.0152945076 85.5142345396
92 224 10000 100 25600000 2000000000 2357372 2070620 32 0 87.3854444695 86.8764030454
58 222 10000 100 25600000 2000000000 2390303 2070620 62 0 86.1815426747 85.6795142708
154 19 10000 100 43008000 2000000000 3962293 3471420 49 0 87.3433640571 86.8345677616
148 216 10000 101 43008000 2000000000 4153797 3471420 83 0 83.316541468 82.8312023915
137 15 10000 100 128000000 2000000000 11738478 10310620 18 0 87.7456174472 87.2344779281
