SLOWDOWN#1BDP=104000Bytes
#Category,Avg  ,50%  ,95%   ,99%   ,99.9% 
<1BDP,1.388,1.109,2.741,4.112,6.212
>1BDP,3.647,2.226,9.807,14.751,19.814
#
#
#
#
#
#CDF   Size	Avg   50%   95%    99%    99.9% 
#0.050 875	1.309 1.005 2.703 4.201 6.235
#0.100 1751	1.316 1.022 2.692 4.205 6.451
#0.150 2620	1.328 1.034 2.735 4.165 6.640
#0.200 3501	1.331 1.047 2.705 4.084 6.248
#0.250 4185	1.348 1.059 2.753 4.191 6.465
#0.300 4615	1.348 1.065 2.718 4.164 6.437
#0.350 5049	1.347 1.071 2.689 4.097 6.161
#0.400 5480	1.354 1.077 2.724 4.121 6.462
#0.450 5913	1.354 1.080 2.706 4.217 6.168
#0.500 6345	1.363 1.090 2.697 4.160 6.331
#0.550 6779	1.365 1.094 2.710 4.106 6.303
#0.600 7206	1.370 1.098 2.714 4.101 6.365
#0.650 7639	1.376 1.105 2.718 4.113 6.236
#0.700 8574	1.381 1.111 2.735 4.111 6.188
#0.750 12087	1.400 1.138 2.750 4.155 6.121
#0.800 15575	1.427 1.176 2.733 4.076 6.310
#0.850 23176	1.465 1.224 2.758 3.990 5.861
#0.900 31278	1.512 1.286 2.784 3.969 5.748
#0.950 93286	1.644 1.444 2.917 3.916 5.408
#1.000 1999844	3.442 2.091 9.528 14.481 19.692
#
#
#
#
#
ABSOLUTE#1BDP=104000Bytes
#Category,Avg  ,50%  ,95%   ,99%   ,99.9% 
<1BDP,12.326,9.866,26.331,39.389,59.034
>1BDP,300.426,99.550,1026.629,1512.482,2494.338
#
#
#
#
#
#CDF  ,Size  ,Avg   ,50%   ,95%    ,99%    ,99.9%   >> scale: us-scale
#0.050 875	10.386 8.393 22.441 34.863 51.398
#0.100 1751	10.563 8.601 22.487 35.090 53.766
#0.150 2620	10.772 8.767 23.107 35.252 56.227
#0.200 3501	10.880 8.938 22.958 34.663 53.384
#0.250 4185	11.126 9.101 23.582 36.061 55.828
#0.300 4615	11.176 9.187 23.520 36.035 55.721
#0.350 5049	11.204 9.268 23.285 35.531 53.682
#0.400 5480	11.322 9.355 23.581 35.941 56.557
#0.450 5913	11.348 9.416 23.623 36.770 53.088
#0.500 6345	11.503 9.529 23.656 36.565 55.474
#0.550 6779	11.557 9.598 23.906 36.292 55.753
#0.600 7206	11.643 9.671 24.015 36.263 56.392
#0.650 7639	11.739 9.762 24.126 36.309 55.552
#0.700 8574	11.845 9.852 24.356 36.816 55.547
#0.750 12087	12.297 10.321 25.107 38.067 56.356
#0.800 15575	12.959 10.972 25.738 38.344 58.936
#0.850 23176	13.933 11.937 27.210 39.467 58.324
#0.900 31278	15.394 13.370 29.348 42.042 60.741
#0.950 93286	20.783 18.510 38.731 52.471 71.305
#1.000 1999844	270.814 67.404 996.067 1482.920 2427.680
#
#EOF