67 141 10000 100 16384 2000000000 11342 11938 0 0 11.6240521954 11.55633927
232 103 10000 100 16384 2000000000 11960 11938 0 0 11.0234113712 10.9591973244
160 115 10000 100 16384 2000000000 12004 11938 0 0 10.9830056648 10.919026991
230 129 10000 100 16384 2000000000 12622 11938 0 0 10.4452543179 10.3844081762
164 30 10000 100 40960 2000000000 13332 13916 0 0 24.7224722472 24.5784578458
40 205 10000 100 40960 2000000000 13995 13916 0 0 23.5512683101 23.4140764559
219 37 10000 100 204800 2000000000 26572 27100 0 0 62.0201716092 61.6588890561
49 146 10000 100 614400 2000000000 60334 60060 0 0 81.9438459244 81.4665031326
243 13 10000 100 40960 2000000000 74027 13916 1 0 4.45242951896 4.42649303632
88 7 10000 100 40960 2000000000 75990 13916 3 0 4.33741281748 4.31214633504
130 76 10000 100 1024000 2000000000 97751 93020 0 0 84.2958128306 83.8047692607
189 40 10000 100 1024000 2000000000 97816 93020 0 0 84.2397971702 83.7490799051
222 51 10000 100 204800 2000000000 98322 27100 16 0 16.7612538394 16.6636154675
112 26 10000 100 204800 2000000000 98558 27100 16 0 16.7211185292 16.6237139552
77 212 10000 100 204800 2000000000 98822 27100 16 0 16.6764485641 16.5793042035
1 72 10000 100 1024000 2000000000 99032 93020 0 0 83.2054285483 82.7207367316
84 181 10000 100 1024000 2000000000 99283 93020 0 0 82.9950746855 82.511608231
13 216 10000 100 614400 2000000000 108660 60060 0 0 45.4997239094 45.234676974
31 206 10000 100 614400 2000000000 130944 60060 16 0 37.7565982405 37.5366568915
136 12 10000 100 2048000 2000000000 257709 175420 16 0 63.9480964964 63.575583313
190 28 10000 100 2048000 2000000000 331305 175420 31 0 49.7426842336 49.4529210244
183 1 10000 100 614400 2000000000 415071 60060 80 0 11.9112151897 11.8418294701
74 234 10000 100 5120000 2000000000 462994 422620 0 0 88.9860343763 88.4676691275
167 203 10000 100 5120000 2000000000 531830 422620 16 0 77.4683639509 77.0170919279
60 254 10000 100 12288000 2000000000 1240551 999420 31 0 79.7065175071 79.2422076964
75 178 10000 100 12288000 2000000000 1308080 999420 47 0 75.5917069292 75.1513668889
58 222 10000 100 25600000 2000000000 3364952 2070620 250 0 61.2192982248 60.8626809535
92 224 10000 100 25600000 2000000000 3462670 2070620 264 0 59.4916639472 59.145110565
148 216 10000 101 43008000 2000000000 5386707 3471420 344 0 64.2470436948 63.8727890713
154 19 10000 100 43008000 2000000000 5409537 3471420 367 0 63.9759003405 63.6032251928
137 15 10000 100 128000000 2000000000 17247638 10310620 1383 0 59.7183220102 59.3704482898
