230 129 10000 100 16384 2000000000 11342 11938 0 0 11.6240521954 11.55633927
112 26 10000 100 16384 2000000000 11981 11938 0 0 11.0040898089 10.9399883148
160 115 10000 100 16384 2000000000 12004 11938 0 0 10.9830056648 10.919026991
222 51 10000 100 16384 2000000000 12004 11938 0 0 10.9830056648 10.919026991
243 13 10000 100 16384 2000000000 12012 11938 0 0 10.9756909757 10.9117549118
31 206 10000 100 16384 2000000000 12614 11938 0 0 10.4518788648 10.3909941335
67 141 10000 100 16384 2000000000 12627 11938 0 0 10.4411182387 10.3802961907
183 1 10000 100 16384 2000000000 12630 11938 0 0 10.4386381631 10.3778305622
219 37 10000 100 16384 2000000000 12638 11938 0 0 10.4320303846 10.3712612755
164 30 10000 100 16384 2000000000 12664 11938 0 0 10.4106127606 10.3499684144
40 205 10000 100 16384 2000000000 13294 11938 0 0 9.91725590492 9.85948548217
77 212 10000 100 16384 2000000000 13305 11938 0 0 9.90905674558 9.85133408493
88 7 10000 100 16384 2000000000 13338 11938 0 0 9.88454041086 9.8269605638
13 216 10000 100 16384 2000000000 13951 11938 0 0 9.45021862232 9.3951688051
232 103 10000 100 16384 2000000000 14613 11938 0 0 9.02210360638 8.96954766304
58 222 10000 100 40960 2000000000 14652 13916 2 0 22.4952224952 22.3641823642
190 28 10000 100 40960 2000000000 14652 13916 1 0 22.4952224952 22.3641823642
75 178 10000 100 40960 2000000000 14652 13916 2 0 22.4952224952 22.3641823642
49 146 10000 100 40960 2000000000 14657 13916 1 0 22.4875486116 22.3565531828
130 76 10000 100 40960 2000000000 15314 13916 0 0 21.5227896043 21.3974141309
92 224 10000 100 40960 2000000000 15314 13916 1 0 21.5227896043 21.3974141309
148 216 10000 101 40960 2000000000 15314 13916 0 0 21.5227896043 21.3974141309
167 203 10000 100 40960 2000000000 15314 13916 3 0 21.5227896043 21.3974141309
136 12 10000 100 40960 2000000000 15319 13916 1 0 21.5157647366 21.3904301847
60 254 10000 100 40960 2000000000 15940 13916 3 0 20.6775407779 20.5570890841
1 72 10000 100 40960 2000000000 15964 13916 2 0 20.6464545227 20.5261839138
84 181 10000 100 40960 2000000000 16647 13916 0 0 19.7993632486 19.684027152
154 19 10000 100 40960 2000000000 17300 13916 1 0 19.0520231214 18.9410404624
189 40 10000 100 40960 2000000000 17962 13916 0 0 18.3498496827 18.2429573544
74 234 10000 100 40960 2000000000 20667 13916 1 0 15.9481298689 15.8552281415
89 162 10000 100 204800 2000000000 27331 27100 0 0 60.2978303026 59.9465808057
153 21 10000 100 204800 2000000000 28733 27100 0 0 57.3556537779 57.0215431734
166 46 10000 100 204800 2000000000 28758 27100 2 0 57.3057931706 56.9719730162
235 98 10000 100 204800 2000000000 29904 27100 2 0 55.1096843232 54.7886570358
32 116 10000 100 204800 2000000000 30610 27100 5 0 53.8386148318 53.5249918327
27 184 10000 100 204800 2000000000 31868 27100 11 0 51.7133174344 51.4120748086
142 45 10000 100 204800 2000000000 32153 27100 7 0 51.2549373309 50.9563648804
217 49 10000 100 204800 2000000000 34520 27100 16 0 47.7404403244 47.4623406721
150 233 10000 100 204800 2000000000 35174 27100 12 0 46.8527889919 46.579860124
53 3 10000 100 204800 2000000000 42509 27100 0 0 38.7682608389 38.5424263097
10 255 10000 100 204800 2000000000 43185 27100 11 0 38.1613986338 37.9390992243
70 241 10000 100 204800 2000000000 43818 27100 12 0 37.6101145648 37.3910265188
35 255 10000 101 204800 2000000000 44512 27100 17 0 37.0237239396 36.8080517613
137 15 10000 100 204800 2000000000 67612 27100 27 0 24.3743714134 24.2323847838
0 124 10000 100 614400 2000000000 67865 60060 4 0 72.850512046 72.4261401311
195 61 10000 100 614400 2000000000 72933 60060 18 0 67.7882440048 67.39336103
104 176 10000 100 614400 2000000000 81991 60060 22 0 60.2993011428 59.9480430779
196 68 10000 100 204800 2000000000 84182 27100 40 0 19.5766315839 19.4625929534
98 197 10000 100 614400 2000000000 87630 60060 29 0 56.4190345772 56.0903800068
14 131 10000 100 1024000 2000000000 100610 93020 1 0 81.9004075142 81.4233177617
86 212 10000 101 1024000 2000000000 100946 93020 0 0 81.6278010025 81.1522992491
57 252 10000 100 1024000 2000000000 105581 93020 5 0 78.0443451 77.589717847
4 167 10000 100 1024000 2000000000 108313 93020 12 0 76.0758173072 75.6326572064
99 174 10000 100 614400 2000000000 111977 60060 0 0 44.1519240558 43.8947283817
15 232 10000 101 614400 2000000000 131856 60060 11 0 37.4954495814 37.2770294867
248 97 10000 100 1024000 2000000000 140168 93020 57 0 58.7865989384 58.444152731
62 109 10000 100 614400 2000000000 142422 60060 16 0 34.7137380461 34.5115220963
116 234 10000 101 614400 2000000000 143391 60060 8 0 34.4791514112 34.2783019855
103 232 10000 100 614400 2000000000 149123 60060 38 0 33.153839448 32.9607102861
214 109 10000 101 1024000 2000000000 180849 93020 21 0 45.562872894 45.2974581004
163 40 10000 101 1024000 2000000000 191161 93020 0 0 43.1050266529 42.8539294103
79 221 10000 100 1024000 2000000000 193508 93020 2 0 42.582218823 42.3341670629
91 191 10000 100 2048000 2000000000 198854 175420 5 0 82.8748730224 82.3921067718
210 123 10000 100 2048000 2000000000 199431 175420 5 0 82.6350968505 82.1537273543
11 189 10000 100 614400 2000000000 226561 60060 113 0 21.8219375797 21.6948194967
200 111 10000 100 2048000 2000000000 361557 175420 29 0 45.5806415033 45.3151232033
225 56 10000 100 614400 2000000000 368647 60060 137 0 13.4112036718 13.3330801553
50 190 10000 100 2048000 2000000000 413369 175420 116 0 39.8675275601 39.6352895355
123 134 10000 100 5120000 2000000000 473035 422620 3 0 87.0971492596 86.589787225
204 135 10000 100 5120000 2000000000 486323 422620 23 0 84.7173586279 84.2238594514
64 174 10000 101 5120000 2000000000 535838 422620 16 0 76.8889104543 76.4410138885
216 103 10000 101 1024000 2000000000 543789 93020 223 0 15.1529361572 15.0646666262
227 3 10000 101 1024000 2000000000 572213 93020 222 0 14.4002320814 14.3163472343
213 4 10000 100 1024000 2000000000 584861 93020 149 0 14.0888176849 14.0067469023
87 0 10000 100 1024000 2000000000 614178 93020 162 0 13.416306022 13.3381527831
233 172 10000 100 2048000 2000000000 682628 175420 152 0 24.1419924175 24.001359452
106 251 10000 100 1024000 2000000000 719062 93020 310 0 11.4593734615 11.3926198297
42 249 10000 100 614400 2000000000 726055 60060 479 0 6.80940149162 6.76973507517
205 67 10000 100 614400 2000000000 830918 60060 405 0 5.9500456122 5.91538515233
151 250 10000 100 2048000 2000000000 913564 175420 358 0 18.0392397249 17.934156775
244 19 10000 101 614400 2000000000 1062085 60060 283 0 4.65499465674 4.62787818301
110 20 10000 100 614400 2000000000 1105002 60060 265 0 4.4742000467 4.44813674545
2 128 10000 100 12288000 2000000000 1111703 999420 2 0 88.9446192014 88.426495206
231 75 10000 100 1024000 2000000000 1193750 93020 270 0 6.90261780105 6.86240837696
177 16 10000 100 12288000 2000000000 1213599 999420 126 0 81.4766656861 81.0020443326
133 234 10000 102 12288000 2000000000 1257047 999420 104 0 78.660543321 78.2023265638
165 22 10000 100 12288000 2000000000 1478630 999420 276 0 66.8727132548 66.4831634689
44 206 10000 101 5120000 2000000000 1491248 422620 166 0 27.6278660558 27.4669270302
47 136 10000 100 2048000 2000000000 1493115 175420 253 0 11.0373280022 10.9730328876
191 68 10000 101 5120000 2000000000 1585262 422620 480 0 25.989394813 25.8380002801
145 92 10000 100 12288000 2000000000 1645235 999420 262 0 60.1008366586 59.7507346975
124 253 10000 100 12288000 2000000000 1813510 999420 273 0 54.5240996741 54.2064835595
226 155 10000 100 12288000 2000000000 1939660 999420 395 0 50.9780064547 50.6810471938
6 225 10000 100 25600000 2000000000 2479282 2070620 256 0 83.0885716107 82.6045605139
251 140 10000 100 25600000 2000000000 2532619 2070620 348 0 81.3387248536 80.8649070389
37 111 10000 101 12288000 2000000000 2534361 999420 720 0 39.0157518996 38.7884756749
16 245 10000 100 5120000 2000000000 2810476 422620 2848 0 14.6594384723 14.5740436851
30 249 10000 101 25600000 2000000000 2838863 2070620 217 0 72.5642625234 72.1415580815
211 40 10000 102 25600000 2000000000 2930641 2070620 512 0 70.2917894072 69.8823226728
221 57 10000 100 25600000 2000000000 2946594 2070620 571 0 69.9112263176 69.5039764555
19 13 10000 101 5120000 2000000000 3265726 422620 792 0 12.6158777558 12.5423872058
38 187 10000 100 25600000 2000000000 3371324 2070620 574 0 61.1035901622 60.7476469185
134 4 10000 101 25600000 2000000000 3486441 2070620 976 0 59.0860421846 58.7418516476
28 209 10000 100 12288000 2000000000 3893303 999420 611 0 25.397458148 25.2495117899
203 2 10000 100 1024000 2000000000 4145612 93020 1774 0 1.98764380265 1.97606529506
33 148 10000 100 25600000 2000000000 4211347 2070620 961 0 48.9154657643 48.6305213035
46 181 10000 101 43008000 2000000000 4328475 3471420 633 0 79.9542564067 79.4885034568
72 188 10000 100 43008000 2000000000 4562042 3471420 666 0 75.8607658588 75.4188584849
173 221 10000 101 43008000 2000000000 4580904 3471420 636 0 75.5484070393 75.1083192313
187 159 10000 100 43008000 2000000000 4668079 3471420 505 0 74.1375627962 73.7056934983
20 250 10000 101 43008000 2000000000 4813894 3471420 664 0 71.8919028961 71.4731151122
236 52 10000 100 43008000 2000000000 5247843 3471420 1046 0 65.947094835 65.562937001
199 33 10000 100 2048000 2000000000 5525903 175420 6980 0 2.98231800305 2.96494527682
212 5 10000 100 43008000 2000000000 5663057 3471420 1203 0 61.1118694373 60.7558779649
194 64 10000 100 2048000 2000000000 5672355 175420 2286 0 2.90531886668 2.88839467911
144 33 10000 101 25600000 2000000000 6446676 2070620 296 0 31.9544521859 31.768309746
172 241 10000 101 5120000 2000000000 6578774 422620 1171 0 6.26256503111 6.22608406977
170 70 10000 100 5120000 2000000000 6752606 422620 738 0 6.10134813137 6.0658062976
54 189 10000 101 128000000 2000000000 12160220 10310620 818 0 84.7024149234 84.2090027976
113 30 10000 101 128000000 2000000000 12595554 10310620 1643 0 81.7748865989 81.2985280362
192 14 10000 100 128000000 2000000000 12604240 10310620 1389 0 81.7185328112 81.242502523
201 103 10000 102 128000000 2000000000 12866172 10310620 1624 0 80.0548912295 79.5885520573
215 31 10000 100 43008000 2000000000 15172164 3471420 3938 0 22.8101937206 22.6773188057
174 19 10000 102 43008000 2000000000 15619690 3471420 10497 0 22.1566497158 22.0275818534
