67 141 10000 100 16384 2000000000 11342 11938 0 0 11.6240521954 11.55633927
232 103 10000 100 16384 2000000000 11960 11938 0 0 11.0234113712 10.9591973244
160 115 10000 100 16384 2000000000 12004 11938 0 0 10.9830056648 10.919026991
230 129 10000 100 16384 2000000000 12622 11938 0 0 10.4452543179 10.3844081762
164 30 10000 100 40960 2000000000 13328 13916 0 0 24.7298919568 24.5858343337
88 7 10000 100 40960 2000000000 13990 13916 0 0 23.5596854896 23.4224446033
40 205 10000 100 40960 2000000000 13995 13916 0 0 23.5512683101 23.4140764559
243 13 10000 100 40960 2000000000 14022 13916 0 0 23.5059192697 23.3689915847
219 37 10000 100 204800 2000000000 26657 27100 0 0 61.8224106239 61.4622800765
77 212 10000 100 204800 2000000000 27326 27100 0 0 60.3088633536 59.9575495865
222 51 10000 100 204800 2000000000 28711 27100 0 0 57.3996029396 57.0652363206
112 26 10000 100 204800 2000000000 29268 27100 0 0 56.307229739 55.9792264589
49 146 10000 100 614400 2000000000 60334 60060 0 0 81.9438459244 81.4665031326
31 206 10000 100 614400 2000000000 62608 60060 0 0 78.9675440838 78.5075389727
183 1 10000 100 614400 2000000000 63015 60060 0 0 78.4575101166 78.0004760771
189 40 10000 100 1024000 2000000000 97894 93020 0 0 84.1726765685 83.6823502973
1 72 10000 100 1024000 2000000000 97944 93020 0 0 84.1297067712 83.6396308094
130 76 10000 100 1024000 2000000000 98155 93020 0 0 83.9488564006 83.4598339361
84 181 10000 100 1024000 2000000000 98365 93020 0 0 83.7696335079 83.2816550602
13 216 10000 100 614400 2000000000 108656 60060 0 0 45.5013989103 45.2363422176
136 12 10000 100 2048000 2000000000 190228 175420 0 0 86.6328826461 86.1282250773
190 28 10000 100 2048000 2000000000 213679 175420 1 0 77.1250333444 76.6757613055
167 203 10000 100 5120000 2000000000 463143 422620 0 0 88.9574062439 88.4392077609
74 234 10000 100 5120000 2000000000 480048 422620 1 0 85.8247508582 85.3248008532
75 178 10000 100 12288000 2000000000 1132272 999420 2 0 87.3288397134 86.8201280258
60 254 10000 100 12288000 2000000000 1138255 999420 2 0 86.8698138818 86.363776131
92 224 10000 100 25600000 2000000000 2480859 2070620 11 0 83.0357549542 82.5520515273
58 222 10000 100 25600000 2000000000 2807270 2070620 13 0 73.3809003053 72.9534387501
148 216 10000 101 43008000 2000000000 4261324 3471420 22 0 81.2141954003 80.7411029999
154 19 10000 100 43008000 2000000000 4266636 3471420 26 0 81.1130830003 80.6405796042
137 15 10000 100 128000000 2000000000 14746069 10310620 100 0 69.849123858 69.4422357579
