230 129 10000 100 16384 2000000000 11342 11938 0 0 11.6240521954 11.55633927
67 141 10000 100 16384 2000000000 11970 11938 0 0 11.0142021721 10.9500417711
112 26 10000 100 16384 2000000000 11981 11938 0 0 11.0040898089 10.9399883148
160 115 10000 100 16384 2000000000 12004 11938 0 0 10.9830056648 10.919026991
222 51 10000 100 16384 2000000000 12004 11938 0 0 10.9830056648 10.919026991
243 13 10000 100 16384 2000000000 12012 11938 0 0 10.9756909757 10.9117549118
31 206 10000 100 16384 2000000000 12614 11938 0 0 10.4518788648 10.3909941335
183 1 10000 100 16384 2000000000 12630 11938 0 0 10.4386381631 10.3778305622
219 37 10000 100 16384 2000000000 12638 11938 0 0 10.4320303846 10.3712612755
164 30 10000 100 16384 2000000000 12664 11938 0 0 10.4106127606 10.3499684144
40 205 10000 100 16384 2000000000 13294 11938 0 0 9.91725590492 9.85948548217
77 212 10000 100 16384 2000000000 13305 11938 0 0 9.90905674558 9.85133408493
88 7 10000 100 16384 2000000000 13328 11938 0 0 9.89195678271 9.83433373349
13 216 10000 100 16384 2000000000 13951 11938 0 0 9.45021862232 9.3951688051
232 103 10000 100 16384 2000000000 14613 11938 0 0 9.02210360638 8.96954766304
49 146 10000 100 40960 2000000000 14649 13916 0 0 22.4998293399 22.3687623729
58 222 10000 100 40960 2000000000 14652 13916 0 0 22.4952224952 22.3641823642
167 203 10000 100 40960 2000000000 15295 13916 0 0 21.5495259889 21.4239947695
190 28 10000 100 40960 2000000000 15311 13916 0 0 21.5270067272 21.401606688
136 12 10000 100 40960 2000000000 15311 13916 0 0 21.5270067272 21.401606688
75 178 10000 100 40960 2000000000 15311 13916 0 0 21.5270067272 21.401606688
130 76 10000 100 40960 2000000000 15314 13916 0 0 21.5227896043 21.3974141309
148 216 10000 101 40960 2000000000 15314 13916 0 0 21.5227896043 21.3974141309
60 254 10000 100 40960 2000000000 15940 13916 0 0 20.6775407779 20.5570890841
1 72 10000 100 40960 2000000000 15953 13916 0 0 20.6606907792 20.5403372406
92 224 10000 100 40960 2000000000 15973 13916 0 0 20.6348212609 20.5146184186
84 181 10000 100 40960 2000000000 16642 13916 0 0 19.8053118616 19.6899411128
154 19 10000 100 40960 2000000000 17300 13916 0 0 19.0520231214 18.9410404624
189 40 10000 100 40960 2000000000 17962 13916 0 0 18.3498496827 18.2429573544
74 234 10000 100 40960 2000000000 20683 13916 0 0 15.93579268 15.8429628197
89 162 10000 100 204800 2000000000 27293 27100 0 0 60.3817828747 60.0300443337
153 21 10000 100 204800 2000000000 27960 27100 0 0 58.9413447783 58.5979971388
166 46 10000 100 204800 2000000000 28059 27100 0 0 58.7333832282 58.3912470152
217 49 10000 100 204800 2000000000 28684 27100 0 0 57.4536326872 57.1189513318
32 116 10000 100 204800 2000000000 29287 27100 0 0 56.2707003107 55.9429098235
235 98 10000 100 204800 2000000000 29392 27100 0 0 56.0696788242 55.7430593359
27 184 10000 100 204800 2000000000 29946 27100 0 0 55.0323916383 54.7118145996
142 45 10000 100 204800 2000000000 30029 27100 0 0 54.8802823937 54.5605914283
150 233 10000 100 204800 2000000000 30540 27100 0 0 53.9620170269 53.6476751801
137 15 10000 100 204800 2000000000 35952 27100 1 0 45.8388963062 45.5718736093
70 241 10000 100 204800 2000000000 39898 27100 0 0 41.3053285879 41.0647150233
10 255 10000 100 204800 2000000000 40632 27100 0 0 40.55916519 40.3228982083
53 3 10000 100 204800 2000000000 42081 27100 0 0 39.1625674295 38.9344359687
35 255 10000 101 204800 2000000000 43122 27100 0 0 38.2171513381 37.9945271555
196 68 10000 100 204800 2000000000 47090 27100 2 0 34.9968146103 34.7929496708
104 176 10000 100 614400 2000000000 62827 60060 0 0 78.6922819807 78.2338803381
195 61 10000 100 614400 2000000000 63753 60060 0 0 77.549291798 77.0975483507
98 197 10000 100 614400 2000000000 64994 60060 0 0 76.0685601748 75.6254423485
0 124 10000 100 614400 2000000000 66540 60060 0 0 74.3011722272 73.8683498647
225 56 10000 100 614400 2000000000 70977 60060 0 0 69.6563675557 69.2506023078
110 20 10000 100 614400 2000000000 89896 60060 5 0 54.9968852897 54.6765150841
62 109 10000 100 614400 2000000000 98730 60060 0 0 50.0759647524 49.7842601033
15 232 10000 101 614400 2000000000 98752 60060 0 0 50.064808814 49.773169151
248 97 10000 100 1024000 2000000000 99528 93020 0 0 82.7907724459 82.3084961016
4 167 10000 100 1024000 2000000000 100251 93020 0 0 82.1936938285 81.714895612
57 252 10000 100 1024000 2000000000 100843 93020 0 0 81.7111747965 81.2351873705
106 251 10000 100 1024000 2000000000 101264 93020 0 0 81.3714646864 80.8974561542
14 131 10000 100 1024000 2000000000 101305 93020 0 0 81.3385321554 80.8647154632
86 212 10000 101 1024000 2000000000 101355 93020 0 0 81.2984065907 80.8248236397
11 189 10000 100 614400 2000000000 108063 60060 0 0 45.7510896422 45.4845784404
99 174 10000 100 614400 2000000000 109502 60060 0 0 45.1498602765 44.8868513817
42 249 10000 100 614400 2000000000 111970 60060 0 0 44.1546842904 43.8974725373
244 19 10000 101 614400 2000000000 112593 60060 0 0 43.9103674296 43.6545788815
103 232 10000 100 614400 2000000000 118767 60060 0 0 41.6277248731 41.3852332719
227 3 10000 101 1024000 2000000000 122601 93020 0 0 67.2098922521 66.8183783167
205 67 10000 100 614400 2000000000 122931 60060 10 0 40.2176830905 39.9834053249
116 234 10000 101 614400 2000000000 135603 60060 0 0 36.4593703679 36.2469856862
231 75 10000 100 1024000 2000000000 138736 93020 3 0 59.393380233 59.0473993772
87 0 10000 100 1024000 2000000000 143994 93020 0 0 57.2246065808 56.891259358
203 2 10000 100 1024000 2000000000 152254 93020 0 0 54.120088799 53.8048261458
163 40 10000 101 1024000 2000000000 161090 93020 0 0 51.1515302005 50.8535601217
213 4 10000 100 1024000 2000000000 171459 93020 0 0 48.0581363475 47.7781860386
214 109 10000 101 1024000 2000000000 172441 93020 0 0 47.7844596123 47.5061035369
79 221 10000 100 1024000 2000000000 172830 93020 0 0 47.6769079442 47.3991783834
50 190 10000 100 2048000 2000000000 192298 175420 0 0 85.7003192961 85.2010941351
233 172 10000 100 2048000 2000000000 193201 175420 0 0 85.2997655292 84.8028736911
91 191 10000 100 2048000 2000000000 194458 175420 0 0 84.7483775417 84.2546976725
210 123 10000 100 2048000 2000000000 195269 175420 0 0 84.3963967655 83.9047672698
216 103 10000 101 1024000 2000000000 200464 93020 0 0 41.1046372416 40.8651927528
47 136 10000 100 2048000 2000000000 201540 175420 0 0 81.7703681651 81.2940359234
194 64 10000 100 2048000 2000000000 284678 175420 9 0 57.88996691 57.5527438018
151 250 10000 100 2048000 2000000000 319193 175420 1 0 51.630204923 51.3294464478
199 33 10000 100 2048000 2000000000 335543 175420 1 0 49.1144205065 48.828317086
200 111 10000 100 2048000 2000000000 405614 175420 0 0 40.6297613002 40.393083079
204 135 10000 100 5120000 2000000000 467510 422620 0 0 88.1264571881 87.613099185
123 134 10000 100 5120000 2000000000 470776 422620 0 0 87.5150814825 87.0052848913
44 206 10000 101 5120000 2000000000 474457 422620 3 0 86.8361094894 86.3302680749
16 245 10000 100 5120000 2000000000 496699 422620 9 0 82.9476201885 82.464430168
19 13 10000 101 5120000 2000000000 504095 422620 9 0 81.7306261717 81.2545254367
191 68 10000 101 5120000 2000000000 515597 422620 5 0 79.9073695153 79.4418896929
172 241 10000 101 5120000 2000000000 517665 422620 3 0 79.588150638 79.124530343
170 70 10000 100 5120000 2000000000 521776 422620 4 0 78.9610867499 78.5011192542
64 174 10000 101 5120000 2000000000 527666 422620 0 0 78.0796943521 77.6248611811
124 253 10000 100 12288000 2000000000 1103680 999420 0 0 89.591185851 89.069295448
2 128 10000 100 12288000 2000000000 1118929 999420 3 0 88.370218307 87.8554403363
165 22 10000 100 12288000 2000000000 1140939 999420 12 0 86.6654571366 86.1606098135
226 155 10000 100 12288000 2000000000 1153265 999420 15 0 85.739183969 85.2397324119
177 16 10000 100 12288000 2000000000 1155979 999420 18 0 85.5378860689 85.0396071209
28 209 10000 100 12288000 2000000000 1159660 999420 32 0 85.2663711778 84.7696738699
145 92 10000 100 12288000 2000000000 1171836 999420 18 0 84.38040818 83.8888718217
133 234 10000 102 12288000 2000000000 1200136 999420 12 0 82.3906623916 81.9107167854
37 111 10000 101 12288000 2000000000 1336473 999420 20 0 73.9857819799 73.5547968421
251 140 10000 100 25600000 2000000000 2390325 2070620 38 0 86.1807494797 85.6787256963
221 57 10000 100 25600000 2000000000 2407866 2070620 40 0 85.5529335935 85.05456699
6 225 10000 100 25600000 2000000000 2442209 2070620 53 0 84.3498652245 83.8585067863
33 148 10000 100 25600000 2000000000 2448085 2070620 61 0 84.1474050125 83.6572259542
30 249 10000 101 25600000 2000000000 2489345 2070620 58 0 82.7526919732 82.2706374568
38 187 10000 100 25600000 2000000000 2518153 2070620 73 0 81.8059903429 81.3294505934
134 4 10000 101 25600000 2000000000 2528709 2070620 53 0 81.4644943329 80.9899438805
211 40 10000 102 25600000 2000000000 2543103 2070620 63 0 81.0034041091 80.5315396191
144 33 10000 101 25600000 2000000000 2629255 2070620 43 0 78.3491901698 77.8927871203
187 159 10000 100 43008000 2000000000 3982367 3471420 48 0 86.9030905489 86.3968589535
72 188 10000 100 43008000 2000000000 3992027 3471420 51 0 86.6928004244 86.18779382
236 52 10000 100 43008000 2000000000 3994773 3471420 61 0 86.6332079445 86.1285484807
46 181 10000 101 43008000 2000000000 4075191 3471420 85 0 84.9236268926 84.4289261534
212 5 10000 100 43008000 2000000000 4089555 3471420 83 0 84.6253443223 84.1323811515
173 221 10000 101 43008000 2000000000 4231911 3471420 104 0 81.7786574434 81.3022769146
20 250 10000 101 43008000 2000000000 4296006 3471420 109 0 80.5585467059 80.0892736183
215 31 10000 100 43008000 2000000000 4551046 3471420 103 0 76.044056685 75.6010815975
174 19 10000 102 43008000 2000000000 4925957 3471420 68 0 70.2563989089 69.8471383327
54 189 10000 101 128000000 2000000000 11886260 10310620 161 0 86.6546752301 86.1498907142
192 14 10000 100 128000000 2000000000 12014015 10310620 226 0 85.7332040954 85.2337873725
113 30 10000 101 128000000 2000000000 12124605 10310620 297 0 84.9512210913 84.4563596092
201 103 10000 102 128000000 2000000000 12203761 10310620 284 0 84.4002107219 83.908559009
