230 129 10000 100 16384 2000000000 11342 11938 0 0 11.6240521954 11.55633927
164 30 10000 100 16384 2000000000 11346 11938 0 0 11.6199541689 11.5522651155
112 26 10000 100 16384 2000000000 11346 11938 0 0 11.6199541689 11.5522651155
67 141 10000 100 16384 2000000000 11970 11938 0 0 11.0142021721 10.9500417711
160 115 10000 100 16384 2000000000 12004 11938 0 0 10.9830056648 10.919026991
243 13 10000 100 16384 2000000000 12008 11938 0 0 10.9793471019 10.9153897402
183 1 10000 100 16384 2000000000 12622 11938 0 0 10.4452543179 10.3844081762
219 37 10000 100 16384 2000000000 12638 11938 0 0 10.4320303846 10.3712612755
77 212 10000 100 16384 2000000000 12643 11938 0 0 10.4279047694 10.3671596931
40 205 10000 100 16384 2000000000 13294 11938 0 0 9.91725590492 9.85948548217
222 51 10000 100 16384 2000000000 13294 11938 0 0 9.91725590492 9.85948548217
88 7 10000 100 16384 2000000000 13328 11938 0 0 9.89195678271 9.83433373349
49 146 10000 100 40960 2000000000 13328 13916 0 0 24.7298919568 24.5858343337
84 181 10000 100 40960 2000000000 13337 13916 0 0 24.7132038689 24.569243458
75 178 10000 100 40960 2000000000 13990 13916 0 0 23.5596854896 23.4224446033
232 103 10000 100 16384 2000000000 14613 11938 0 0 9.02210360638 8.96954766304
60 254 10000 100 40960 2000000000 14626 13916 0 0 22.5352112676 22.4039381923
190 28 10000 100 40960 2000000000 14649 13916 0 0 22.4998293399 22.3687623729
1 72 10000 100 40960 2000000000 14656 13916 0 0 22.4890829694 22.3580786026
167 203 10000 100 40960 2000000000 15295 13916 0 0 21.5495259889 21.4239947695
130 76 10000 100 40960 2000000000 15314 13916 0 0 21.5227896043 21.3974141309
136 12 10000 100 40960 2000000000 15319 13916 0 0 21.5157647366 21.3904301847
31 206 10000 100 40960 2000000000 16617 13916 0 0 19.8351086237 19.7195643016
13 216 10000 100 40960 2000000000 17954 13916 0 0 18.3580260666 18.2510861089
189 40 10000 100 40960 2000000000 17962 13916 0 0 18.3498496827 18.2429573544
74 234 10000 100 40960 2000000000 20677 13916 0 0 15.9404168883 15.8475600909
89 162 10000 100 204800 2000000000 27283 27100 0 0 60.4039145255 60.0520470623
153 21 10000 100 204800 2000000000 27936 27100 0 0 58.9919816724 58.6483390607
217 49 10000 100 204800 2000000000 28668 27100 0 0 57.4856983396 57.1508301939
142 45 10000 100 204800 2000000000 28721 27100 0 0 57.3796177013 57.0453675011
27 184 10000 100 204800 2000000000 29946 27100 0 0 55.0323916383 54.7118145996
137 15 10000 100 204800 2000000000 29960 27100 0 0 55.0066755674 54.6862483311
58 222 10000 100 204800 2000000000 29970 27100 0 0 54.988321655 54.6680013347
148 216 10000 101 204800 2000000000 30719 27100 0 0 53.6475796738 53.335069501
92 224 10000 100 204800 2000000000 31273 27100 0 0 52.6972148499 52.3902407828
10 255 10000 100 204800 2000000000 42456 27100 0 0 38.8166572451 38.5905407952
53 3 10000 100 204800 2000000000 42779 27100 0 0 38.5235746511 38.2991654784
154 19 10000 100 204800 2000000000 42831 27100 0 0 38.4768041839 38.2526674605
70 241 10000 100 204800 2000000000 43757 27100 0 0 37.6625454213 37.4431519528
166 46 10000 100 614400 2000000000 61085 60060 0 0 80.9364000982 80.4649259229
104 176 10000 100 614400 2000000000 61746 60060 0 0 80.0699640463 79.6035370712
225 56 10000 100 614400 2000000000 63393 60060 0 0 77.9896834035 77.5353745682
235 98 10000 100 614400 2000000000 63662 60060 0 0 77.6601426283 77.2077534479
195 61 10000 100 614400 2000000000 63975 60060 0 0 77.2801875733 76.8300117233
32 116 10000 100 614400 2000000000 64095 60060 0 0 77.1355019892 76.6861689679
98 197 10000 100 614400 2000000000 65270 60060 0 0 75.7468975027 75.3056534396
150 233 10000 100 614400 2000000000 67252 60060 0 0 73.5145423184 73.0863022661
35 255 10000 101 614400 2000000000 77098 60060 0 0 64.1261770733 63.7526265273
11 189 10000 100 1024000 2000000000 98517 93020 0 0 83.6403869383 83.1531613833
110 20 10000 100 1024000 2000000000 98631 93020 0 0 83.543713437 83.0570510286
106 251 10000 100 1024000 2000000000 101362 93020 0 0 81.2927921706 80.819241925
57 252 10000 100 1024000 2000000000 104217 93020 0 0 79.0657954077 78.6052179587
0 124 10000 100 1024000 2000000000 104237 93020 0 0 79.050625018 78.5901359402
42 249 10000 100 1024000 2000000000 104405 93020 0 0 78.9234232077 78.4636751113
62 109 10000 100 614400 2000000000 108660 60060 0 0 45.4997239094 45.234676974
103 232 10000 100 614400 2000000000 112377 60060 0 0 43.9947676126 43.7384874129
244 19 10000 101 1024000 2000000000 117091 93020 0 0 70.3726161703 69.9626786004
227 3 10000 101 1024000 2000000000 122439 93020 0 0 67.298818187 66.9067862364
231 75 10000 100 1024000 2000000000 135039 93020 0 0 61.0194092077 60.6639563385
196 68 10000 100 614400 2000000000 138353 60060 7 0 35.7346786842 35.5265155074
205 67 10000 100 614400 2000000000 140888 60060 11 0 35.0917040486 34.8872863551
163 40 10000 101 1024000 2000000000 162161 93020 0 0 50.8136974982 50.5176953768
15 232 10000 101 1024000 2000000000 167314 93020 0 0 49.2487179794 48.9618322436
99 174 10000 100 1024000 2000000000 176510 93020 0 0 46.682907484 46.4109682171
248 97 10000 100 2048000 2000000000 191003 175420 0 0 86.2813673084 85.7787574017
86 212 10000 101 2048000 2000000000 192588 175420 0 0 85.5712713149 85.0727978898
4 167 10000 100 2048000 2000000000 193729 175420 0 0 85.0672847121 84.5717471313
79 221 10000 100 2048000 2000000000 194719 175420 0 0 84.6347814029 84.1417632588
87 0 10000 100 2048000 2000000000 196284 175420 0 0 83.9599763608 83.4708891198
116 234 10000 101 1024000 2000000000 220268 93020 0 0 37.4089745219 37.1910581655
214 109 10000 101 2048000 2000000000 247045 175420 0 0 66.7084944039 66.3199012326
203 2 10000 100 2048000 2000000000 318180 175420 2 0 51.7945816833 51.4928656735
213 4 10000 100 2048000 2000000000 348385 175420 0 0 47.3039884036 47.0284311896
50 190 10000 100 5120000 2000000000 465520 422620 0 0 88.5031792404 87.98762674
14 131 10000 100 5120000 2000000000 466730 422620 0 0 88.2737342789 87.7595183511
216 103 10000 101 5120000 2000000000 472622 422620 0 0 87.1732589681 86.665453576
210 123 10000 100 5120000 2000000000 475712 422620 0 0 86.6070227364 86.1025158079
233 172 10000 100 5120000 2000000000 475972 422620 0 0 86.5597135966 86.0554822553
91 191 10000 100 5120000 2000000000 478405 422620 0 0 86.1195012594 85.6178342618
47 136 10000 100 5120000 2000000000 497056 422620 6 0 82.8880448078 82.4052018284
200 111 10000 100 5120000 2000000000 933384 422620 9 0 44.1404609464 43.8833320477
151 250 10000 100 12288000 2000000000 1134633 999420 9 0 87.1471215803 86.6394684449
204 135 10000 100 12288000 2000000000 1156390 999420 17 0 85.5074844992 85.0093826477
19 13 10000 101 12288000 2000000000 1159636 999420 18 0 85.2681358633 84.7714282758
172 241 10000 101 12288000 2000000000 1183967 999420 28 0 83.5158412354 83.0293411894
191 68 10000 101 12288000 2000000000 1197188 999420 9 0 82.5935442053 82.1124167633
16 245 10000 100 12288000 2000000000 1197457 999420 45 0 82.5749901667 82.0939708065
194 64 10000 100 12288000 2000000000 1243169 999420 14 0 79.5386628849 79.0753308681
199 33 10000 100 12288000 2000000000 1247840 999420 10 0 79.2409283241 78.7793306834
44 206 10000 101 25600000 2000000000 2319321 2070620 6 0 88.8190983482 88.3017055423
123 134 10000 100 25600000 2000000000 2359152 2070620 9 0 87.3195114177 86.8108540696
177 16 10000 100 25600000 2000000000 2391336 2070620 32 0 86.144314308 85.6425027683
226 155 10000 100 25600000 2000000000 2400853 2070620 38 0 85.8028375748 85.30301522
28 209 10000 100 25600000 2000000000 2413322 2070620 63 0 85.3595168817 84.8622769775
170 70 10000 100 25600000 2000000000 2424751 2070620 47 0 84.9571770462 84.4622808693
165 22 10000 100 25600000 2000000000 2444064 2070620 58 0 84.2858452152 83.7948597091
64 174 10000 101 25600000 2000000000 2510497 2070620 53 0 82.0554655114 81.5774725084
2 128 10000 100 43008000 2000000000 3934996 3471420 38 0 87.9492634808 87.4369376741
124 253 10000 100 43008000 2000000000 3987560 3471420 54 0 86.7899166408 86.2843443108
145 92 10000 100 43008000 2000000000 4018048 3471420 86 0 86.1313752349 85.6296390685
33 148 10000 100 43008000 2000000000 4042197 3471420 68 0 85.6168068998 85.1180682188
133 234 10000 102 43008000 2000000000 4126341 3471420 73 0 83.8709161458 83.3823477022
6 225 10000 100 43008000 2000000000 4159936 3471420 119 0 83.1935875937 82.7089647533
211 40 10000 102 43008000 2000000000 4175885 3471420 115 0 82.8758454795 82.393073564
37 111 10000 101 43008000 2000000000 4490539 3471420 87 0 77.0686993254 76.6197554458
221 57 10000 100 128000000 2000000000 11978125 10310620 221 0 85.9900860944 85.4891729716
38 187 10000 100 128000000 2000000000 12000337 10310620 248 0 85.8309229149 85.3309369562
134 4 10000 101 128000000 2000000000 12284090 10310620 324 0 83.8482948269 83.359858158
