130 76 10000 100 16384 2000000000 11965 11938 0 0 11.0188048475 10.9546176348
49 146 10000 100 16384 2000000000 11968 11938 0 0 11.0160427807 10.9518716578
112 26 10000 100 16384 2000000000 11981 11938 0 0 11.0040898089 10.9399883148
230 129 10000 100 16384 2000000000 11993 11938 0 0 10.9930792963 10.9290419411
222 51 10000 100 16384 2000000000 12004 11938 0 0 10.9830056648 10.919026991
67 141 10000 100 16384 2000000000 12630 11938 0 0 10.4386381631 10.3778305622
219 37 10000 100 16384 2000000000 12638 11938 0 0 10.4320303846 10.3712612755
164 30 10000 100 16384 2000000000 12677 11938 0 0 10.3999368936 10.3393547369
31 206 10000 100 16384 2000000000 13276 11938 0 0 9.93070201868 9.87285326906
40 205 10000 100 16384 2000000000 13294 11938 0 0 9.91725590492 9.85948548217
160 115 10000 100 16384 2000000000 13305 11938 0 0 9.90905674558 9.85133408493
77 212 10000 100 16384 2000000000 13305 11938 0 0 9.90905674558 9.85133408493
88 7 10000 100 16384 2000000000 13328 11938 0 0 9.89195678271 9.83433373349
243 13 10000 100 16384 2000000000 13946 11938 0 0 9.45360676897 9.39853721497
13 216 10000 100 16384 2000000000 13951 11938 0 0 9.45021862232 9.3951688051
183 1 10000 100 16384 2000000000 13962 11938 0 0 9.44277324166 9.38776679559
58 222 10000 100 40960 2000000000 14652 13916 1 0 22.4952224952 22.3641823642
217 49 10000 100 40960 2000000000 14652 13916 2 0 22.4952224952 22.3641823642
75 178 10000 100 40960 2000000000 14652 13916 2 0 22.4952224952 22.3641823642
60 254 10000 100 40960 2000000000 14668 13916 2 0 22.4706844832 22.3397872921
232 103 10000 100 16384 2000000000 15275 11938 0 0 8.63109656301 8.58081833061
136 12 10000 100 40960 2000000000 15293 13916 1 0 21.5523442098 21.4267965736
167 203 10000 100 40960 2000000000 15301 13916 4 0 21.5410757467 21.415593752
137 15 10000 100 40960 2000000000 15302 13916 0 0 21.5396680173 21.414194223
92 224 10000 100 40960 2000000000 15314 13916 1 0 21.5227896043 21.3974141309
148 216 10000 101 40960 2000000000 15314 13916 0 0 21.5227896043 21.3974141309
190 28 10000 100 40960 2000000000 15324 13916 2 0 21.5087444531 21.3834507961
53 3 10000 100 40960 2000000000 15932 13916 0 0 20.6879236756 20.5674114989
1 72 10000 100 40960 2000000000 15981 13916 1 0 20.6244915838 20.5043489143
70 241 10000 100 40960 2000000000 15985 13916 0 0 20.6193306225 20.4992180169
84 181 10000 100 40960 2000000000 17264 13916 0 0 19.0917516219 18.9805375348
154 19 10000 100 40960 2000000000 17266 13916 1 0 19.0895401367 18.978338932
74 234 10000 100 40960 2000000000 20730 13916 1 0 15.8996623251 15.8070429329
189 40 10000 100 40960 2000000000 21272 13916 0 0 15.4945468221 15.4042873261
153 21 10000 100 204800 2000000000 27952 27100 0 0 58.9582140813 58.614768174
166 46 10000 100 204800 2000000000 28758 27100 1 0 57.3057931706 56.9719730162
89 162 10000 100 204800 2000000000 29909 27100 1 0 55.10047143 54.77949781
235 98 10000 100 204800 2000000000 29978 27100 6 0 54.9736473414 54.6534125025
104 176 10000 100 204800 2000000000 29992 27100 4 0 54.9479861296 54.6279007735
195 61 10000 100 204800 2000000000 30544 27100 12 0 53.9549502357 53.6406495547
98 197 10000 100 204800 2000000000 30598 27100 4 0 53.8597293941 53.5459833976
32 116 10000 100 204800 2000000000 31872 27100 4 0 51.7068273092 51.40562249
150 233 10000 100 204800 2000000000 34512 27100 12 0 47.7515067223 47.4733426055
27 184 10000 100 204800 2000000000 37288 27100 17 0 44.196524351 43.9390688693
62 109 10000 100 204800 2000000000 43784 27100 3 0 37.6393202997 37.4200621232
142 45 10000 100 204800 2000000000 46503 27100 4 0 35.4385738555 35.2321355611
10 255 10000 100 204800 2000000000 55194 27100 15 0 29.8583179331 29.684385984
103 232 10000 100 204800 2000000000 55377 27100 10 0 29.7596475071 29.5862903371
35 255 10000 101 204800 2000000000 60992 27100 18 0 27.0199370409 26.8625393494
57 252 10000 100 614400 2000000000 69548 60060 8 0 71.0875941796 70.6734916892
0 124 10000 100 614400 2000000000 70268 60060 6 0 70.3591962202 69.9493368247
15 232 10000 101 614400 2000000000 91170 60060 12 0 54.2283645936 53.9124712076
196 68 10000 100 204800 2000000000 91464 27100 38 0 18.018018018 17.9130586898
4 167 10000 100 1024000 2000000000 100966 93020 1 0 81.6116316384 81.1362240754
14 131 10000 100 1024000 2000000000 104663 93020 5 0 78.7288726675 78.2702578753
99 174 10000 100 614400 2000000000 109857 60060 1 0 45.0039596931 44.7418007046
79 221 10000 100 614400 2000000000 113439 60060 2 0 43.5828947716 43.3290138312
210 123 10000 100 1024000 2000000000 113900 93020 17 0 72.3441615452 71.922739245
163 40 10000 101 614400 2000000000 118612 60060 3 0 41.6821232253 41.4393147405
116 234 10000 101 614400 2000000000 144950 60060 8 0 34.1083132115 33.9096240083
86 212 10000 101 614400 2000000000 147123 60060 77 0 33.6045349809 33.4087804082
216 103 10000 101 1024000 2000000000 175600 93020 7 0 46.9248291572 46.6514806378
91 191 10000 100 1024000 2000000000 178836 93020 5 0 46.0757341922 45.8073318571
11 189 10000 100 614400 2000000000 181545 60060 84 0 27.2329174585 27.0742791044
248 97 10000 100 1024000 2000000000 188227 93020 145 0 43.7769289209 43.5219176845
205 67 10000 100 204800 2000000000 189440 27100 33 0 8.69932432432 8.64864864865
177 16 10000 100 2048000 2000000000 196443 175420 2 0 83.892019568 83.4033281919
213 4 10000 100 614400 2000000000 203640 60060 15 0 24.2781378904 24.1367118444
50 190 10000 100 1024000 2000000000 229416 93020 106 0 35.9172856296 35.708058723
225 56 10000 100 614400 2000000000 236889 60060 180 0 20.8705343009 20.7489583729
64 174 10000 101 2048000 2000000000 246383 175420 0 0 66.8877317023 66.4980944302
106 251 10000 100 614400 2000000000 260585 60060 161 0 18.9726960493 18.8621754898
123 134 10000 100 2048000 2000000000 275345 175420 46 0 59.8521854401 59.5035319327
214 109 10000 101 1024000 2000000000 311469 93020 104 0 26.4552812639 26.3011728294
19 13 10000 101 1024000 2000000000 429674 93020 116 0 19.1773297896 19.0656171888
231 75 10000 100 614400 2000000000 444968 60060 153 0 11.1109113464 11.046187591
226 155 10000 100 5120000 2000000000 469351 422620 8 0 87.7807866607 87.2694422724
227 3 10000 101 614400 2000000000 472450 60060 204 0 10.4645994285 10.4036405969
6 225 10000 100 5120000 2000000000 500727 422620 39 0 82.2803643502 81.8010612569
16 245 10000 100 2048000 2000000000 531032 175420 164 0 31.0339113274 30.8531312614
133 234 10000 102 5120000 2000000000 539489 422620 5 0 76.3685635852 75.9236981662
28 209 10000 100 2048000 2000000000 547776 175420 134 0 30.0852903377 29.9100362192
200 111 10000 100 1024000 2000000000 552783 93020 78 0 14.9063918391 14.8195584886
211 40 10000 102 5120000 2000000000 561022 422620 46 0 73.4374053067 73.0096145962
2 128 10000 100 5120000 2000000000 697932 422620 170 0 59.0315388892 58.6876658471
151 250 10000 100 1024000 2000000000 831302 93020 353 0 9.91216188581 9.85442113696
191 68 10000 101 2048000 2000000000 847895 175420 196 0 19.43636889 19.3231473237
204 135 10000 100 2048000 2000000000 848922 175420 192 0 19.4128553624 19.2997707681
233 172 10000 100 1024000 2000000000 850710 93020 192 0 9.68602696571 9.62960350766
165 22 10000 100 2048000 2000000000 857495 175420 228 0 19.2187709549 19.1068169494
124 253 10000 100 5120000 2000000000 864900 422620 134 0 47.6355648052 47.3580760782
42 249 10000 100 614400 2000000000 953521 60060 756 0 5.18499330377 5.15478945928
244 19 10000 101 614400 2000000000 1141044 60060 272 0 4.33287410477 4.30763406144
187 159 10000 100 12288000 2000000000 1156126 999420 50 0 85.5270100318 85.0287944394
110 20 10000 100 614400 2000000000 1204039 60060 290 0 4.10617928489 4.08225979391
251 140 10000 100 12288000 2000000000 1230916 999420 147 0 80.3304205973 79.8624763997
145 92 10000 100 5120000 2000000000 1232320 422620 335 0 33.432874578 33.2381199688
170 70 10000 100 2048000 2000000000 1361314 175420 379 0 12.1059505742 12.0354304738
38 187 10000 100 12288000 2000000000 1411611 999420 189 0 70.0476264353 69.6395820095
30 249 10000 101 12288000 2000000000 1641260 999420 79 0 60.2463960616 59.8954461816
47 136 10000 100 1024000 2000000000 1798920 93020 332 0 4.58052609343 4.55384341716
173 221 10000 101 12288000 2000000000 1804460 999420 262 0 54.7975571639 54.4783480931
44 206 10000 101 2048000 2000000000 1888826 175420 327 0 8.72499637341 8.67417115182
236 52 10000 100 12288000 2000000000 1916372 999420 515 0 51.5974977718 51.2969298236
199 33 10000 100 1024000 2000000000 2107505 93020 2931 0 3.90983651284 3.88706076617
221 57 10000 100 5120000 2000000000 2246846 422620 409 0 18.3368152512 18.2299988517
96 6 10000 100 25600000 2000000000 2445585 2070620 203 0 84.2334247225 83.7427445785
194 64 10000 100 1024000 2000000000 2470757 93020 575 0 3.33501028227 3.31558303791
37 111 10000 101 5120000 2000000000 2504397 422620 856 0 16.4510658654 16.3552344137
54 189 10000 101 25600000 2000000000 2583627 2070620 228 0 79.7328716568 79.2684083267
203 2 10000 100 1024000 2000000000 2615423 93020 1947 0 3.15054199646 3.13218932463
176 63 10000 100 25600000 2000000000 2623935 2070620 267 0 78.5080423105 78.0507139087
201 103 10000 102 25600000 2000000000 2644599 2070620 328 0 77.8946070841 77.4408520914
140 102 10000 100 25600000 2000000000 2668342 2070620 286 0 77.2014981588 76.7517806938
107 22 10000 101 25600000 2000000000 2793092 2070620 216 0 73.7533887176 73.323757327
33 148 10000 100 5120000 2000000000 2805021 422620 501 0 14.6879470778 14.602386221
192 14 10000 100 25600000 2000000000 2909871 2070620 383 0 70.7935162762 70.381126861
46 181 10000 101 25600000 2000000000 3095203 2070620 511 0 66.5546007806 66.1669040771
113 30 10000 101 25600000 2000000000 3234799 2070620 657 0 63.6824730068 63.3115071446
87 0 10000 100 1024000 2000000000 3282326 93020 1621 0 2.51041487043 2.49579109449
134 4 10000 101 5120000 2000000000 3337487 422620 1234 0 12.3446173723 12.2727069798
185 111 10000 102 25600000 2000000000 3515945 2070620 204 0 58.5902225433 58.2489202761
212 5 10000 100 12288000 2000000000 3901825 999420 2736 0 25.3419874033 25.1943641757
144 33 10000 101 12288000 2000000000 4141485 999420 438 0 23.8754939351 23.736413388
152 201 10000 100 43008000 2000000000 4187660 3471420 370 0 82.6428124537 82.1613980123
115 45 10000 101 43008000 2000000000 4290275 3471420 529 0 80.6661577638 80.1962578156
83 217 10000 100 43008000 2000000000 4366356 3471420 586 0 79.2606008305 78.7988885927
59 130 10000 100 43008000 2000000000 4457435 3471420 589 0 77.6410648725 77.1887868247
184 4 10000 102 43008000 2000000000 5111024 3471420 323 0 67.7124584036 67.3180168984
175 89 10000 100 43008000 2000000000 5232460 3471420 916 0 66.140973844 65.7556866178
172 241 10000 101 2048000 2000000000 5255052 175420 3840 0 3.13602986231 3.11776172719
129 250 10000 102 43008000 2000000000 5833412 3471420 410 0 59.3271999303 58.9816045909
207 156 10000 100 43008000 2000000000 6637966 3471420 1229 0 52.1364526423 51.8327451512
241 33 10000 102 43008000 2000000000 6993397 3471420 232 0 49.4866800784 49.1984081556
72 188 10000 100 12288000 2000000000 10724908 999420 2243 0 9.21965950664 9.16595275223
5 66 10000 100 128000000 2000000000 12503554 10310620 1507 0 82.3765786911 81.896715126
240 24 10000 100 128000000 2000000000 12790009 10310620 1451 0 80.5316086955 80.0624925283
45 1 10000 101 128000000 2000000000 14528277 10310620 1921 0 70.8962253404 70.48323762
247 191 10000 101 43008000 2000000000 14712592 3471420 12347 0 23.5227076235 23.3856821422
202 185 10000 100 43008000 2000000000 14964765 3471420 3502 0 23.1263237345 22.9916072855
174 19 10000 102 12288000 2000000000 18584140 999420 23339 0 5.32066590114 5.28967173084
215 31 10000 100 25600000 2000000000 20485453 2070620 3887 0 10.0559162641 9.9973381111
20 250 10000 101 12288000 2000000000 73604414 999420 13322 0 1.34339769351 1.33557207588
25 255 10000 102 128000000 2000000000 83390557 10310620 105383 0 12.3515184099 12.2795678173
