49 146 10000 100 16384 2000000000 11973 11938 0 0 11.0114424121 10.9472980874
84 181 10000 100 16384 2000000000 11977 11938 0 0 11.0077648827 10.9436419805
230 129 10000 100 16384 2000000000 11993 11938 0 0 10.9930792963 10.9290419411
189 40 10000 100 16384 2000000000 12627 11938 0 0 10.4411182387 10.3802961907
67 141 10000 100 16384 2000000000 12630 11938 0 0 10.4386381631 10.3778305622
112 26 10000 100 16384 2000000000 12632 11938 0 0 10.4369854338 10.3761874604
130 76 10000 100 16384 2000000000 12632 11938 0 0 10.4369854338 10.3761874604
219 37 10000 100 16384 2000000000 12638 11938 0 0 10.4320303846 10.3712612755
164 30 10000 100 16384 2000000000 12677 11938 0 0 10.3999368936 10.3393547369
40 205 10000 100 16384 2000000000 13289 11938 0 0 9.92098728272 9.86319512379
160 115 10000 100 16384 2000000000 13305 11938 0 0 9.90905674558 9.85133408493
88 7 10000 100 16384 2000000000 13328 11938 0 0 9.89195678271 9.83433373349
31 206 10000 100 16384 2000000000 13938 11938 0 0 9.45903285981 9.40393169752
13 216 10000 100 16384 2000000000 13951 11938 0 0 9.45021862232 9.3951688051
222 51 10000 100 16384 2000000000 13954 11938 0 0 9.44818689981 9.39314891787
243 13 10000 100 16384 2000000000 13954 11938 0 0 9.44818689981 9.39314891787
190 28 10000 100 16384 2000000000 13956 11938 1 0 9.44683290341 9.39180280883
77 212 10000 100 16384 2000000000 13961 11938 0 0 9.44344960963 9.38843922355
183 1 10000 100 16384 2000000000 13975 11938 0 0 9.43398926655 9.37903398927
32 116 10000 100 40960 2000000000 14018 13916 1 0 23.5126266229 23.3756598659
235 98 10000 100 40960 2000000000 14620 13916 2 0 22.5444596443 22.4131326949
58 222 10000 100 40960 2000000000 14652 13916 2 0 22.4952224952 22.3641823642
217 49 10000 100 40960 2000000000 14652 13916 2 0 22.4952224952 22.3641823642
75 178 10000 100 40960 2000000000 14652 13916 2 0 22.4952224952 22.3641823642
89 162 10000 100 40960 2000000000 14657 13916 1 0 22.4875486116 22.3565531828
136 12 10000 100 40960 2000000000 14657 13916 1 0 22.4875486116 22.3565531828
1 72 10000 100 16384 2000000000 15270 11938 0 0 8.6339227243 8.58362802881
232 103 10000 100 16384 2000000000 15275 11938 0 0 8.63109656301 8.58081833061
150 233 10000 100 40960 2000000000 15278 13916 0 0 21.5735043854 21.4478334861
148 216 10000 101 40960 2000000000 15280 13916 1 0 21.5706806283 21.445026178
137 15 10000 100 40960 2000000000 15302 13916 0 0 21.5396680173 21.414194223
53 3 10000 100 40960 2000000000 15309 13916 1 0 21.5298190607 21.404402639
167 203 10000 100 40960 2000000000 15314 13916 2 0 21.5227896043 21.3974141309
92 224 10000 100 40960 2000000000 15976 13916 1 0 20.6309464196 20.5107661492
153 21 10000 100 40960 2000000000 16586 13916 1 0 19.8721813578 19.756421078
27 184 10000 100 40960 2000000000 17317 13916 3 0 19.0333198591 18.9224461512
142 45 10000 100 40960 2000000000 18008 13916 1 0 18.3029764549 18.1963571746
60 254 10000 100 40960 2000000000 18580 13916 1 0 17.7395048439 17.6361679225
70 241 10000 100 40960 2000000000 19239 13916 1 0 17.1318675607 17.0320702739
154 19 10000 100 40960 2000000000 19896 13916 2 0 16.5661439485 16.4696421391
10 255 10000 100 40960 2000000000 20598 13916 2 0 16.0015535489 15.9083406156
74 234 10000 100 40960 2000000000 21355 13916 1 0 15.4343245142 15.3444158277
110 20 10000 100 204800 2000000000 32132 27100 17 0 51.2884352048 50.9896676211
0 124 10000 100 204800 2000000000 33146 27100 4 0 49.7194231581 49.4297954504
195 61 10000 100 204800 2000000000 33959 27100 15 0 48.529108631 48.2464147943
225 56 10000 100 204800 2000000000 35325 27100 5 0 46.652512385 46.3807501769
98 197 10000 100 204800 2000000000 36031 27100 11 0 45.7383919403 45.4719547057
231 75 10000 100 204800 2000000000 36514 27100 10 0 45.1333735006 44.8704606452
227 3 10000 101 204800 2000000000 38554 27100 9 0 42.745240442 42.4962390413
104 176 10000 100 204800 2000000000 39880 27100 12 0 41.3239719157 41.0832497492
163 40 10000 101 204800 2000000000 42249 27100 0 0 39.0068403986 38.7796160856
62 109 10000 100 204800 2000000000 43122 27100 2 0 38.2171513381 37.9945271555
11 189 10000 100 204800 2000000000 43148 27100 7 0 38.1941225549 37.9716325206
166 46 10000 100 204800 2000000000 43590 27100 0 0 37.8068364304 37.5866024318
99 174 10000 100 204800 2000000000 44691 27100 1 0 36.8754335325 36.6606251818
15 232 10000 101 204800 2000000000 46958 27100 17 0 35.0951914477 34.8907534392
116 234 10000 101 204800 2000000000 50472 27100 4 0 32.6517673165 32.4615628467
103 232 10000 100 204800 2000000000 50704 27100 11 0 32.5023666772 32.3130325024
244 19 10000 101 204800 2000000000 51896 27100 15 0 31.755819331 31.5708339756
14 131 10000 100 614400 2000000000 67015 60060 3 0 73.7745280907 73.3447735582
4 167 10000 100 614400 2000000000 69215 60060 4 0 71.4296034097 71.0135086325
196 68 10000 100 204800 2000000000 71148 27100 49 0 23.1629842019 23.0280541969
214 109 10000 101 614400 2000000000 82928 60060 8 0 59.6179818638 59.270692649
35 255 10000 101 204800 2000000000 85486 27100 2 0 19.2780104345 19.1657113445
123 134 10000 100 1024000 2000000000 104933 93020 1 0 78.5262977328 78.0688629888
6 225 10000 100 1024000 2000000000 106741 93020 6 0 77.1962038954 76.7465172708
210 123 10000 100 614400 2000000000 110960 60060 4 0 44.5565969719 44.2970439798
233 172 10000 100 614400 2000000000 113116 60060 67 0 43.7073446727 43.4527387814
133 234 10000 102 1024000 2000000000 123377 93020 8 0 66.7871645444 66.3981131005
42 249 10000 100 204800 2000000000 149492 27100 36 0 11.0240012843 10.9597838011
205 67 10000 100 204800 2000000000 171974 27100 33 0 9.58284391827 9.52702152651
187 159 10000 100 2048000 2000000000 193463 175420 2 0 85.184247117 84.6880282018
91 191 10000 100 614400 2000000000 215630 60060 116 0 22.9281639846 22.7946018643
72 188 10000 100 2048000 2000000000 228051 175420 40 0 72.2645373184 71.8435788486
251 140 10000 100 2048000 2000000000 256985 175420 53 0 64.128256513 63.7546938537
151 250 10000 100 614400 2000000000 306598 60060 285 0 16.1253498066 16.03141573
79 221 10000 100 614400 2000000000 317964 60060 147 0 15.5489300676 15.4583537759
236 52 10000 100 2048000 2000000000 319516 175420 70 0 51.5780117428 51.2775573054
200 111 10000 100 614400 2000000000 348304 60060 349 0 14.1944967614 14.1118103725
50 190 10000 100 614400 2000000000 368040 60060 259 0 13.4333224649 13.3550701011
64 174 10000 101 1024000 2000000000 371666 93020 132 0 22.1704433551 22.0412951413
221 57 10000 100 2048000 2000000000 379792 175420 77 0 43.3921725576 43.1394026204
191 68 10000 101 1024000 2000000000 418239 93020 139 0 19.7016538391 19.5868869235
248 97 10000 100 614400 2000000000 439033 60060 212 0 11.2611124904 11.1955137769
216 103 10000 101 614400 2000000000 467185 60060 216 0 10.5825315453 10.5208857305
30 249 10000 101 2048000 2000000000 486611 175420 154 0 33.8668875138 33.669604674
96 6 10000 100 5120000 2000000000 486696 422620 24 0 84.6524319082 84.1593109456
38 187 10000 100 2048000 2000000000 513983 175420 147 0 32.0633172692 31.8765406638
140 102 10000 100 5120000 2000000000 536765 422620 86 0 76.7561223254 76.3089992827
115 45 10000 101 5120000 2000000000 541158 422620 71 0 76.1330332361 75.6895398386
213 4 10000 100 614400 2000000000 599818 60060 179 0 8.24250022507 8.19448566065
176 63 10000 100 5120000 2000000000 627595 422620 89 0 65.6474318629 65.2650196385
192 14 10000 100 5120000 2000000000 661627 422620 141 0 62.270735626 61.9079934767
201 103 10000 102 5120000 2000000000 673999 422620 21 0 61.1276871331 60.7716035187
226 155 10000 100 1024000 2000000000 697277 93020 124 0 11.8173982506 11.7485590375
145 92 10000 100 1024000 2000000000 769917 93020 214 0 10.7024523423 10.6401079597
46 181 10000 101 5120000 2000000000 826549 422620 145 0 49.8458046649 49.5554407543
20 250 10000 101 2048000 2000000000 836514 175420 208 0 19.7008059638 19.5860439873
87 0 10000 100 614400 2000000000 853596 60060 610 0 5.79196716011 5.75822754558
174 19 10000 102 2048000 2000000000 880604 175420 431 0 18.7144278245 18.6054117401
54 189 10000 101 5120000 2000000000 946384 422620 325 0 43.5341256826 43.280528834
172 241 10000 101 1024000 2000000000 1011070 93020 1320 0 8.14978191421 8.10230745646
185 111 10000 102 5120000 2000000000 1033501 422620 63 0 39.8644994054 39.6322790205
86 212 10000 101 614400 2000000000 1035141 60060 722 0 4.7761609288 4.74833863213
107 22 10000 101 5120000 2000000000 1071165 422620 38 0 38.4627951809 38.2387400634
194 64 10000 100 614400 2000000000 1099100 60060 371 0 4.49822582113 4.47202256392
212 5 10000 100 2048000 2000000000 1139965 175420 248 0 14.4565841934 14.3723710816
144 33 10000 101 2048000 2000000000 1144712 175420 316 0 14.3966342626 14.3127703737
47 136 10000 100 614400 2000000000 1170581 60060 316 0 4.22354369326 4.19894052611
152 201 10000 100 12288000 2000000000 1206802 999420 112 0 81.9355619232 81.4582673877
215 31 10000 100 5120000 2000000000 1233281 422620 487 0 33.4068229382 33.2122200861
199 33 10000 100 614400 2000000000 1251052 60060 978 0 3.95187410276 3.92885347691
203 2 10000 100 614400 2000000000 1265258 60060 565 0 3.90750344989 3.88474129387
134 4 10000 101 2048000 2000000000 1273658 175420 424 0 12.9391092428 12.8637357909
33 148 10000 100 1024000 2000000000 1294902 93020 1731 0 6.36341591873 6.32634747649
106 251 10000 100 614400 2000000000 1321002 60060 368 0 3.74261356152 3.72081192913
211 40 10000 102 1024000 2000000000 1385680 93020 1953 0 5.94653888344 5.91189885111
170 70 10000 100 1024000 2000000000 1496670 93020 789 0 5.50555566691 5.47348446885
165 22 10000 100 1024000 2000000000 1520250 93020 337 0 5.4201611577 5.38858740339
37 111 10000 101 1024000 2000000000 1605372 93020 600 0 5.13276673568 5.10286712363
247 191 10000 101 12288000 2000000000 1610421 999420 309 0 61.4000935159 61.0424230683
57 252 10000 100 614400 2000000000 1635779 60060 237 0 3.0224131744 3.00480688406
173 221 10000 101 2048000 2000000000 1655608 175420 363 0 9.95404709327 9.89606235292
240 24 10000 100 12288000 2000000000 1735045 999420 405 0 56.9898763433 56.6578964811
2 128 10000 100 1024000 2000000000 1841812 93020 478 0 4.47385509487 4.44779380306
129 250 10000 102 5120000 2000000000 1994061 422620 476 0 20.6613538904 20.5409964891
44 206 10000 101 1024000 2000000000 2041273 93020 669 0 4.03669670838 4.01318197027
202 185 10000 100 12288000 2000000000 2191810 999420 746 0 45.1133994279 44.8506029263
177 16 10000 100 1024000 2000000000 2212492 93020 936 0 3.72430725173 3.70261225803
19 13 10000 101 1024000 2000000000 2272738 93020 618 0 3.62558288725 3.60446298693
124 253 10000 100 1024000 2000000000 2444665 93020 466 0 3.37060497042 3.35097037835
207 156 10000 100 12288000 2000000000 2546478 999420 734 0 38.8301018112 38.6039070434
28 209 10000 100 1024000 2000000000 2602414 93020 978 0 3.16629098983 3.14784657629
241 33 10000 102 12288000 2000000000 2610278 999420 408 0 37.8810226344 37.6603564831
175 89 10000 100 12288000 2000000000 2623190 999420 745 0 37.6945627271 37.47498275
83 217 10000 100 12288000 2000000000 2705124 999420 649 0 36.55285303 36.3399237891
184 4 10000 102 12288000 2000000000 2732154 999420 72 0 36.1912249456 35.980402276
198 117 10000 100 25600000 2000000000 2749027 2070620 397 0 74.9356044884 74.499086404
26 123 10000 101 25600000 2000000000 2782240 2070620 377 0 74.0410604405 73.6097532923
68 213 10000 100 25600000 2000000000 2834486 2070620 432 0 72.6763159176 72.2529587375
224 55 10000 100 25600000 2000000000 2853722 2070620 432 0 72.1864288112 71.7659253424
204 135 10000 100 1024000 2000000000 2991164 93020 1470 0 2.75478041324 2.7387331487
239 46 10000 101 25600000 2000000000 3178081 2070620 788 0 64.8189898244 64.4414034759
25 255 10000 102 12288000 2000000000 3348514 999420 793 0 29.5295166752 29.3575000732
16 245 10000 100 1024000 2000000000 3487000 93020 634 0 2.3630628047 2.34929739031
43 220 10000 100 25600000 2000000000 3508779 2070620 742 0 58.7098816996 58.3678823887
48 154 10000 100 25600000 2000000000 3975495 2070620 949 0 51.8174466324 51.5155974287
220 141 10000 101 25600000 2000000000 4218528 2070620 473 0 48.8321992885 48.5477398751
169 239 10000 100 43008000 2000000000 4400590 3471420 560 0 78.6440000091 78.1858796207
135 41 10000 100 43008000 2000000000 4448369 3471420 723 0 77.799301272 77.3461014588
156 53 10000 100 43008000 2000000000 4502895 3471420 551 0 76.8572218539 76.409509882
65 94 10000 100 43008000 2000000000 4544362 3471420 588 0 76.1559048333 75.7122782032
245 121 10000 100 43008000 2000000000 4559114 3471420 515 0 75.909485922 75.4672947419
52 255 10000 103 25600000 2000000000 4627507 2070620 608 0 44.5164102399 44.2570913453
179 254 10000 101 25600000 2000000000 4878175 2070620 741 0 42.228907327 41.9829136921
149 48 10000 100 43008000 2000000000 4881933 3471420 571 0 70.8899528117 70.4770016303
45 1 10000 101 12288000 2000000000 4946582 999420 3950 0 19.9895604682 19.8731164267
78 196 10000 100 43008000 2000000000 5147944 3471420 1083 0 67.2268385204 66.8352258688
3 153 10000 100 43008000 2000000000 5528578 3471420 1257 0 62.5983752061 62.2337244767
76 118 10000 100 43008000 2000000000 7738776 3471420 345 0 44.7202503342 44.4597440215
29 184 10000 101 43008000 2000000000 9033028 3471420 6826 0 38.3127341131 38.0895531377
113 30 10000 101 5120000 2000000000 10313995 422620 1465 0 3.9945724232 3.97130306928
126 193 10000 100 128000000 2000000000 13345040 10310620 1672 0 77.1822339985 76.732628752
237 4 10000 103 128000000 2000000000 13707076 10310620 948 0 75.1436703204 74.705940202
21 118 10000 101 128000000 2000000000 15551580 10310620 782 0 66.2312125199 65.8453996314
59 130 10000 100 12288000 2000000000 28237080 999420 40575 0 3.50177851251 3.48137980273
5 66 10000 100 12288000 2000000000 28586700 999420 41094 0 3.45895119059 3.43880196035
94 132 10000 100 25600000 2000000000 29366481 2070620 10031 0 7.01480030924 6.97393739481
9 62 10000 100 43008000 2000000000 32374075 3471420 2922 0 10.6900351593 10.6277631098
193 21 10000 101 43008000 2000000000 34999781 3471420 25665 0 9.88806187102 9.8304615106
197 18 10000 100 43008000 2000000000 35050742 3471420 11431 0 9.87368541299 9.81616879894
102 247 10000 100 25600000 2000000000 39053766 2070620 10584 0 5.27477939003 5.2440525198
158 22 10000 102 128000000 2000000000 42914661 10310620 9882 0 24.001121668 23.8613093087
114 244 10000 100 25600000 2000000000 42977440 2070620 19264 0 4.7932124389 4.76529081304
34 252 10000 101 128000000 2000000000 54177259 10310620 40509 0 19.0116668693 18.9009192953
