67 141 10000 100 16384 2000000000 20342 11938 0 0 6.48117195949 6.44341755973
230 129 10000 100 16384 2000000000 20342 11938 0 0 6.48117195949 6.44341755973
164 30 10000 100 16384 2000000000 20342 11938 0 0 6.48117195949 6.44341755973
243 13 10000 100 16384 2000000000 20342 11938 0 0 6.48117195949 6.44341755973
112 26 10000 100 16384 2000000000 20342 11938 0 0 6.48117195949 6.44341755973
40 205 10000 100 16384 2000000000 20576 11938 0 0 6.40746500778 6.3701399689
160 115 10000 100 16384 2000000000 21004 11938 0 0 6.27689963816 6.24033517425
77 212 10000 100 16384 2000000000 21004 11938 0 0 6.27689963816 6.24033517425
232 103 10000 100 16384 2000000000 21238 11938 0 0 6.20774084189 6.17157924475
88 7 10000 100 16384 2000000000 22328 11938 0 0 5.90469365819 5.87029738445
49 146 10000 100 40960 2000000000 22328 13916 0 0 14.7617341455 14.6757434611
84 181 10000 100 40960 2000000000 22344 13916 0 0 14.7511636233 14.6652345149
219 37 10000 100 40960 2000000000 22344 13916 0 0 14.7511636233 14.6652345149
183 1 10000 100 40960 2000000000 22990 13916 0 0 14.3366681166 14.253153545
130 76 10000 100 40960 2000000000 22990 13916 0 0 14.3366681166 14.253153545
222 51 10000 100 40960 2000000000 22990 13916 0 0 14.3366681166 14.253153545
31 206 10000 100 40960 2000000000 23374 13916 1 0 14.1011380166 14.018995465
1 72 10000 100 40960 2000000000 23660 13916 0 0 13.9306846999 13.8495350803
13 216 10000 100 40960 2000000000 24314 13916 0 0 13.5559759809 13.4770091305
189 40 10000 100 40960 2000000000 24976 13916 0 0 13.196668802 13.1197950032
75 178 10000 100 204800 2000000000 45318 27100 0 0 36.3652411845 36.1534048281
167 203 10000 100 204800 2000000000 46352 27100 0 0 35.5540214014 35.3469105972
60 254 10000 100 204800 2000000000 46642 27100 7 0 35.3329617083 35.1271386304
92 224 10000 100 204800 2000000000 46647 27100 0 0 35.3291744378 35.1233734217
190 28 10000 100 204800 2000000000 46678 27100 1 0 35.3057114701 35.1000471314
58 222 10000 100 204800 2000000000 47304 27100 0 0 34.8384914595 34.6355487908
148 216 10000 101 204800 2000000000 48696 27100 0 0 33.8426154099 33.6454739609
136 12 10000 100 204800 2000000000 48978 27100 6 0 33.6477602189 33.4517538487
154 19 10000 100 204800 2000000000 51456 27100 0 0 32.0273631841 31.8407960199
74 234 10000 100 204800 2000000000 56752 27100 8 0 29.0386241895 28.8694671553
89 162 10000 100 614400 2000000000 102388 60060 0 0 48.2869086221 48.0056256593
27 184 10000 100 614400 2000000000 103704 60060 5 0 47.6741495024 47.3964360102
142 45 10000 100 614400 2000000000 104418 60060 4 0 47.3481583635 47.0723438488
70 241 10000 100 614400 2000000000 104493 60060 0 0 47.3141741552 47.0385576067
150 233 10000 100 614400 2000000000 106031 60060 0 0 46.6278729805 46.356254303
153 21 10000 100 614400 2000000000 106344 60060 7 0 46.4906341684 46.2198149402
217 49 10000 100 614400 2000000000 106378 60060 0 0 46.4757750663 46.205042396
137 15 10000 100 614400 2000000000 106772 60060 0 0 46.3042745289 46.0345408909
53 3 10000 100 614400 2000000000 116402 60060 2 0 42.473497019 42.2260785897
10 255 10000 100 614400 2000000000 118980 60060 0 0 41.5532022189 41.3111447302
195 61 10000 100 1024000 2000000000 158764 93020 1 0 51.9009347207 51.5985991787
104 176 10000 100 1024000 2000000000 158764 93020 5 0 51.9009347207 51.5985991787
166 46 10000 100 1024000 2000000000 158780 93020 1 0 51.8957047487 51.5933996725
235 98 10000 100 1024000 2000000000 161144 93020 0 0 51.1343891178 50.8365188899
32 116 10000 100 1024000 2000000000 161617 93020 0 0 50.9847355167 50.6877370574
35 255 10000 101 1024000 2000000000 185890 93020 1 0 44.327290333 44.0690731078
62 109 10000 100 1024000 2000000000 189338 93020 1 0 43.5200540832 43.266539205
103 232 10000 100 1024000 2000000000 201239 93020 0 0 40.9463374396 40.7078150855
205 67 10000 100 1024000 2000000000 237502 93020 0 0 34.6944446784 34.4923411171
196 68 10000 100 1024000 2000000000 250827 93020 0 0 32.8513278076 32.6599608495
11 189 10000 100 2048000 2000000000 267716 175420 0 0 61.5577701744 61.1991812219
98 197 10000 100 2048000 2000000000 269449 175420 0 0 61.1618525213 60.8055698852
0 124 10000 100 2048000 2000000000 272003 175420 0 0 60.5875670489 60.2346297651
225 56 10000 100 2048000 2000000000 289349 175420 7 0 56.9554413528 56.6236620828
116 234 10000 101 2048000 2000000000 339559 175420 11 0 48.5335390904 48.2508194452
15 232 10000 101 2048000 2000000000 340368 175420 0 0 48.4181826729 48.1361350068
244 19 10000 101 5120000 2000000000 557833 422620 9 0 73.8572296727 73.4269933833
42 249 10000 100 5120000 2000000000 573753 422620 36 0 71.8079034009 71.3896049345
99 174 10000 100 5120000 2000000000 576966 422620 33 0 71.4080205766 70.9920515247
231 75 10000 100 5120000 2000000000 586614 422620 17 0 70.2335777871 69.8244501495
110 20 10000 100 5120000 2000000000 618933 422620 58 0 66.5661711365 66.1784070327
227 3 10000 101 5120000 2000000000 709419 422620 97 0 58.0756929262 57.7373879188
163 40 10000 101 12288000 2000000000 1269204 999420 13 0 77.907097677 77.4532699235
106 251 10000 100 12288000 2000000000 1291644 999420 116 0 76.5536014567 76.1076581473
86 212 10000 101 12288000 2000000000 1300921 999420 135 0 76.0076899366 75.5649266942
79 221 10000 100 12288000 2000000000 1350880 999420 181 0 73.1967310198 72.7703422954
213 4 10000 100 12288000 2000000000 1616301 999420 121 0 61.1767238899 60.8203546245
14 131 10000 100 25600000 2000000000 2716259 2070620 369 0 75.8396014518 75.3978173657
214 109 10000 101 25600000 2000000000 2978156 2070620 481 0 69.1703188147 68.7673849187
57 252 10000 100 12288000 2000000000 2995420 999420 133 0 33.010395871 32.8181023028
4 167 10000 100 25600000 2000000000 3351755 2070620 137 0 61.4603394341 61.1023180394
47 136 10000 100 43008000 2000000000 4675379 3471420 404 0 74.0218065744 73.5906115846
50 190 10000 100 43008000 2000000000 4739026 3471420 84 0 73.0276643344 72.6022604645
200 111 10000 100 43008000 2000000000 4839029 3471420 960 0 71.5184802571 71.1018677507
87 0 10000 100 25600000 2000000000 6366909 2070620 291 0 32.3547894276 32.1663149261
248 97 10000 100 25600000 2000000000 8516017 2070620 455 0 24.1897121624 24.0488012178
203 2 10000 100 25600000 2000000000 9030783 2070620 183 0 22.8108681163 22.6779892729
233 172 10000 100 128000000 2000000000 13974001 10310620 2572 0 73.7083101683 73.2789413712
91 191 10000 100 43008000 2000000000 14379648 3471420 766 0 24.0673485192 23.9271503725
216 103 10000 101 43008000 2000000000 15125063 3471420 815 0 22.8812270071 22.7479383061
210 123 10000 100 43008000 2000000000 15830818 3471420 880 0 21.861157143 21.7338105965
199 33 10000 100 128000000 2000000000 16785063 10310620 2628 0 61.3640830541 61.0066223761
194 64 10000 100 128000000 2000000000 17490471 10310620 3797 0 58.8892088726 58.5461649375
