230 129 10000 100 16384 2000000000 11342 11938 0 0 11.6240521954 11.55633927
164 30 10000 100 16384 2000000000 11342 11938 0 0 11.6240521954 11.55633927
112 26 10000 100 16384 2000000000 11342 11938 0 0 11.6240521954 11.55633927
67 141 10000 100 16384 2000000000 11970 11938 0 0 11.0142021721 10.9500417711
243 13 10000 100 16384 2000000000 11984 11938 0 0 11.0013351135 10.9372496662
77 212 10000 100 16384 2000000000 12004 11938 0 0 10.9830056648 10.919026991
160 115 10000 100 16384 2000000000 12008 11938 0 0 10.9793471019 10.9153897402
40 205 10000 100 16384 2000000000 13294 11938 0 0 9.91725590492 9.85948548217
49 146 10000 100 40960 2000000000 13328 13916 0 0 24.7298919568 24.5858343337
88 7 10000 100 16384 2000000000 13332 11938 0 0 9.88898889889 9.83138313831
219 37 10000 100 40960 2000000000 13342 13916 0 0 24.7039424374 24.5600359766
84 181 10000 100 40960 2000000000 13344 13916 0 0 24.7002398082 24.5563549161
130 76 10000 100 40960 2000000000 13990 13916 0 0 23.5596854896 23.4224446033
31 206 10000 100 40960 2000000000 14036 13916 1 0 23.4824736392 23.3456825306
232 103 10000 100 16384 2000000000 14613 11938 0 0 9.02210360638 8.96954766304
183 1 10000 100 40960 2000000000 14624 13916 0 0 22.5382932166 22.4070021882
1 72 10000 100 40960 2000000000 14661 13916 2 0 22.4814132733 22.3504535843
222 51 10000 100 40960 2000000000 15319 13916 0 0 21.5157647366 21.3904301847
13 216 10000 100 40960 2000000000 15377 13916 0 0 21.434610132 21.3097483254
189 40 10000 100 40960 2000000000 15976 13916 0 0 20.6309464196 20.5107661492
75 178 10000 100 204800 2000000000 28022 27100 0 0 58.8109342659 58.4683462993
190 28 10000 100 204800 2000000000 29260 27100 2 0 56.3226247437 55.994531784
167 203 10000 100 204800 2000000000 30711 27100 1 0 53.6615544919 53.3489629123
60 254 10000 100 204800 2000000000 31908 27100 6 0 51.648489407 51.3476244202
136 12 10000 100 204800 2000000000 32604 27100 6 0 50.5459452828 50.2515028831
148 216 10000 101 204800 2000000000 32804 27100 6 0 50.237775881 49.9451286428
58 222 10000 100 204800 2000000000 33894 27100 11 0 48.6221750162 48.3389390453
92 224 10000 100 204800 2000000000 40639 27100 19 0 40.5521789414 40.3159526563
154 19 10000 100 204800 2000000000 43122 27100 1 0 38.2171513381 37.9945271555
74 234 10000 100 204800 2000000000 51066 27100 16 0 32.271961775 32.0839697646
70 241 10000 100 614400 2000000000 62775 60060 1 0 78.7574671446 78.2986857826
150 233 10000 100 614400 2000000000 63341 60060 2 0 78.0537092878 77.5990274861
153 21 10000 100 614400 2000000000 65870 60060 7 0 75.0569303173 74.6197054805
137 15 10000 100 614400 2000000000 68992 60060 8 0 71.6604823748 71.2430426716
142 45 10000 100 614400 2000000000 69038 60060 5 0 71.6127350155 71.1955734523
217 49 10000 100 614400 2000000000 72565 60060 16 0 68.1320195687 67.7351340178
27 184 10000 100 614400 2000000000 76222 60060 20 0 64.8631628664 64.4853191992
89 162 10000 100 614400 2000000000 98068 60060 45 0 50.4139984501 50.1203246727
166 46 10000 100 1024000 2000000000 100770 93020 1 0 81.7703681651 81.2940359234
32 116 10000 100 1024000 2000000000 101431 93020 0 0 81.2374914967 80.7642633909
235 98 10000 100 1024000 2000000000 102901 93020 3 0 80.076967182 79.6104994121
195 61 10000 100 1024000 2000000000 102919 93020 2 0 80.0629621353 79.5965759481
53 3 10000 100 614400 2000000000 107994 60060 2 0 45.780321129 45.5136396466
10 255 10000 100 614400 2000000000 109984 60060 1 0 44.9519930172 44.6901367472
35 255 10000 101 1024000 2000000000 152354 93020 1 0 54.0845662076 53.7695104822
62 109 10000 100 1024000 2000000000 180477 93020 3 0 45.6567872915 45.3908254237
11 189 10000 100 2048000 2000000000 190828 175420 1 0 86.360492171 85.8574213428
225 56 10000 100 2048000 2000000000 197193 175420 7 0 83.5729463013 83.0861136044
0 124 10000 100 2048000 2000000000 213465 175420 32 0 77.2023516736 76.7526292366
99 174 10000 100 5120000 2000000000 468179 422620 4 0 88.0005297119 87.487905267
116 234 10000 101 2048000 2000000000 470469 175420 101 0 35.0288754413 34.8248237397
15 232 10000 101 2048000 2000000000 481279 175420 119 0 34.2420924246 34.042623925
231 75 10000 100 5120000 2000000000 486876 422620 25 0 84.6211355663 84.1281969126
42 249 10000 100 5120000 2000000000 493510 422620 36 0 83.4836173532 82.9973050191
244 19 10000 101 5120000 2000000000 500240 422620 29 0 82.3604669759 81.8806972653
110 20 10000 100 5120000 2000000000 501605 422620 52 0 82.1363423411 81.6578782109
227 3 10000 101 5120000 2000000000 556590 422620 53 0 74.0221707181 73.5909736071
104 176 10000 100 1024000 2000000000 618517 93020 230 0 13.3221883958 13.2445834148
103 232 10000 100 1024000 2000000000 672642 93020 198 0 12.2502014445 12.1788410477
98 197 10000 100 2048000 2000000000 764567 175420 146 0 21.554683893 21.4291226276
163 40 10000 101 12288000 2000000000 1123311 999420 29 0 88.0254889341 87.5127190956
86 212 10000 101 12288000 2000000000 1142989 999420 50 0 86.5100189066 86.0060770489
57 252 10000 100 12288000 2000000000 1149335 999420 61 0 86.0323578417 85.5311984756
79 221 10000 100 12288000 2000000000 1182905 999420 98 0 83.5908209028 83.103884082
213 4 10000 100 12288000 2000000000 1227758 999420 123 0 80.5370439451 80.0678961163
106 251 10000 100 12288000 2000000000 1708508 999420 234 0 57.8750582379 57.5379219764
196 68 10000 100 1024000 2000000000 1855896 93020 2178 0 4.43990396014 4.41404044192
87 0 10000 100 25600000 2000000000 2377171 2070620 112 0 86.6576279115 86.1528261955
205 67 10000 100 1024000 2000000000 2416610 93020 944 0 3.40973512482 3.38987259012
14 131 10000 100 25600000 2000000000 2494409 2070620 299 0 82.5846924061 82.103616528
4 167 10000 100 25600000 2000000000 2507869 2070620 295 0 82.141451567 81.6629576744
47 136 10000 100 43008000 2000000000 4040519 3471420 274 0 85.6523629761 85.1534171724
50 190 10000 100 43008000 2000000000 4084183 3471420 349 0 84.7366535731 84.2430419989
210 123 10000 100 43008000 2000000000 4142610 3471420 432 0 83.5415354088 83.054885688
200 111 10000 100 43008000 2000000000 4266547 3471420 593 0 81.114775016 80.6422617634
91 191 10000 100 43008000 2000000000 4282183 3471420 538 0 80.8185918257 80.3478039122
233 172 10000 100 128000000 2000000000 12495630 10310620 1511 0 82.4288171145 81.9486492478
248 97 10000 100 25600000 2000000000 50786527 2070620 37294 0 4.05619387992 4.03256556606
214 109 10000 101 25600000 2000000000 51581763 2070620 37209 0 3.99365954204 3.97039550587
216 103 10000 101 43008000 2000000000 53610812 3471420 7440 0 6.45541425487 6.41780989999
203 2 10000 100 25600000 2000000000 59476391 2070620 59475 0 3.46355917931 3.44338310642
199 33 10000 100 128000000 2000000000 159964538 10310620 163680 0 6.43892710771 6.40141879446
194 64 10000 100 128000000 2000000000 162262030 10310620 16814 0 6.3477573897 6.31078016219
