SLOWDOWN#1BDP=104000Bytes
#Category,Avg  ,50%  ,95%   ,99%   ,99.9% 
<1BDP,1.798,1.127,4.844,9.246,16.618
>1BDP,4.712,2.720,13.063,19.306,29.416
#
#
#
#
#
#CDF   Size	Avg   50%   95%    99%    99.9% 
#0.050 875	1.752 1.007 5.021 9.813 18.163
#0.100 1751	1.750 1.026 4.955 9.630 16.771
#0.150 2620	1.778 1.040 5.063 9.781 16.646
#0.200 3501	1.778 1.054 5.013 9.648 17.500
#0.250 4185	1.769 1.067 4.890 9.470 16.843
#0.300 4615	1.771 1.073 4.909 9.550 16.851
#0.350 5049	1.772 1.078 4.923 9.402 16.633
#0.400 5480	1.794 1.085 5.005 9.656 17.253
#0.450 5913	1.785 1.091 4.881 9.536 16.548
#0.500 6345	1.791 1.101 4.928 9.346 17.303
#0.550 6779	1.796 1.103 4.962 9.714 17.021
#0.600 7206	1.793 1.109 4.957 9.472 16.602
#0.650 7639	1.789 1.117 4.897 9.188 16.411
#0.700 8574	1.806 1.122 4.878 9.371 16.867
#0.750 12087	1.804 1.150 4.807 9.046 16.657
#0.800 15575	1.812 1.190 4.702 8.690 16.305
#0.850 23176	1.847 1.241 4.757 8.807 15.132
#0.900 31278	1.851 1.306 4.504 8.181 15.213
#0.950 93286	1.914 1.463 4.287 7.480 12.424
#1.000 1999844	4.413 2.415 12.611 18.687 28.722
#
#
#
#
#
ABSOLUTE#1BDP=104000Bytes
#Category,Avg  ,50%  ,95%   ,99%   ,99.9% 
<1BDP,16.038,10.140,44.765,84.521,150.402
>1BDP,437.081,96.007,1605.935,2669.174,4451.760
#
#
#
#
#
#CDF  ,Size  ,Avg   ,50%   ,95%    ,99%    ,99.9%   >> scale: us-scale
#0.050 875	14.073 8.417 41.693 82.113 151.967
#0.100 1751	14.209 8.630 41.507 80.518 141.628
#0.150 2620	14.581 8.810 42.821 82.625 141.952
#0.200 3501	14.704 8.983 42.702 82.746 150.329
#0.250 4185	14.752 9.152 41.985 81.731 146.025
#0.300 4615	14.831 9.237 42.445 83.083 146.707
#0.350 5049	14.905 9.329 42.651 82.071 144.998
#0.400 5480	15.161 9.408 43.729 84.494 151.392
#0.450 5913	15.139 9.495 42.737 83.972 145.338
#0.500 6345	15.277 9.608 43.319 82.484 153.008
#0.550 6779	15.366 9.668 43.923 86.143 151.101
#0.600 7206	15.394 9.747 43.951 84.420 147.675
#0.650 7639	15.408 9.847 43.480 82.079 146.570
#0.700 8574	15.653 9.933 43.685 84.202 151.349
#0.750 12087	16.003 10.411 43.889 82.893 153.604
#0.800 15575	16.604 11.091 44.382 82.309 156.106
#0.850 23176	17.712 12.076 47.228 86.986 150.031
#0.900 31278	18.986 13.553 47.620 86.816 160.472
#0.950 93286	24.237 18.889 55.738 94.999 155.771
#1.000 1999844	392.956 69.715 1529.630 2602.590 4314.790
#
#EOF