49 146 10000 100 16384 2000000000 11973 11938 0 0 11.0114424121 10.9472980874
84 181 10000 100 16384 2000000000 11977 11938 0 0 11.0077648827 10.9436419805
230 129 10000 100 16384 2000000000 11993 11938 0 0 10.9930792963 10.9290419411
189 40 10000 100 16384 2000000000 12627 11938 0 0 10.4411182387 10.3802961907
67 141 10000 100 16384 2000000000 12630 11938 0 0 10.4386381631 10.3778305622
112 26 10000 100 16384 2000000000 12632 11938 0 0 10.4369854338 10.3761874604
130 76 10000 100 16384 2000000000 12632 11938 0 0 10.4369854338 10.3761874604
219 37 10000 100 16384 2000000000 12638 11938 0 0 10.4320303846 10.3712612755
164 30 10000 100 16384 2000000000 12677 11938 0 0 10.3999368936 10.3393547369
40 205 10000 100 16384 2000000000 13289 11938 0 0 9.92098728272 9.86319512379
160 115 10000 100 16384 2000000000 13305 11938 0 0 9.90905674558 9.85133408493
88 7 10000 100 16384 2000000000 13328 11938 0 0 9.89195678271 9.83433373349
31 206 10000 100 16384 2000000000 13938 11938 0 0 9.45903285981 9.40393169752
13 216 10000 100 16384 2000000000 13951 11938 0 0 9.45021862232 9.3951688051
222 51 10000 100 16384 2000000000 13954 11938 0 0 9.44818689981 9.39314891787
243 13 10000 100 16384 2000000000 13954 11938 0 0 9.44818689981 9.39314891787
190 28 10000 100 16384 2000000000 13956 11938 0 0 9.44683290341 9.39180280883
77 212 10000 100 16384 2000000000 13961 11938 0 0 9.44344960963 9.38843922355
183 1 10000 100 16384 2000000000 13975 11938 0 0 9.43398926655 9.37903398927
32 116 10000 100 40960 2000000000 14018 13916 0 0 23.5126266229 23.3756598659
235 98 10000 100 40960 2000000000 14620 13916 0 0 22.5444596443 22.4131326949
58 222 10000 100 40960 2000000000 14652 13916 0 0 22.4952224952 22.3641823642
217 49 10000 100 40960 2000000000 14652 13916 0 0 22.4952224952 22.3641823642
75 178 10000 100 40960 2000000000 14652 13916 0 0 22.4952224952 22.3641823642
89 162 10000 100 40960 2000000000 14657 13916 0 0 22.4875486116 22.3565531828
136 12 10000 100 40960 2000000000 14657 13916 0 0 22.4875486116 22.3565531828
1 72 10000 100 16384 2000000000 15270 11938 0 0 8.6339227243 8.58362802881
232 103 10000 100 16384 2000000000 15275 11938 0 0 8.63109656301 8.58081833061
150 233 10000 100 40960 2000000000 15278 13916 0 0 21.5735043854 21.4478334861
148 216 10000 101 40960 2000000000 15280 13916 0 0 21.5706806283 21.445026178
137 15 10000 100 40960 2000000000 15302 13916 0 0 21.5396680173 21.414194223
53 3 10000 100 40960 2000000000 15309 13916 0 0 21.5298190607 21.404402639
167 203 10000 100 40960 2000000000 15314 13916 0 0 21.5227896043 21.3974141309
92 224 10000 100 40960 2000000000 15976 13916 0 0 20.6309464196 20.5107661492
153 21 10000 100 40960 2000000000 16586 13916 0 0 19.8721813578 19.756421078
27 184 10000 100 40960 2000000000 17317 13916 0 0 19.0333198591 18.9224461512
142 45 10000 100 40960 2000000000 18008 13916 0 0 18.3029764549 18.1963571746
60 254 10000 100 40960 2000000000 18580 13916 0 0 17.7395048439 17.6361679225
70 241 10000 100 40960 2000000000 19239 13916 0 0 17.1318675607 17.0320702739
154 19 10000 100 40960 2000000000 19896 13916 0 0 16.5661439485 16.4696421391
10 255 10000 100 40960 2000000000 20598 13916 0 0 16.0015535489 15.9083406156
74 234 10000 100 40960 2000000000 21272 13916 0 0 15.4945468221 15.4042873261
225 56 10000 100 204800 2000000000 29332 27100 0 0 56.1843720169 55.8570844129
104 176 10000 100 204800 2000000000 29437 27100 0 0 55.9839657574 55.6578455685
231 75 10000 100 204800 2000000000 29894 27100 0 0 55.1281193551 54.8069846792
195 61 10000 100 204800 2000000000 29958 27100 0 0 55.0103478203 54.6898991922
98 197 10000 100 204800 2000000000 30616 27100 0 0 53.8280637575 53.5145022211
0 124 10000 100 204800 2000000000 30657 27100 0 0 53.7560752846 53.4429330985
110 20 10000 100 204800 2000000000 32122 27100 0 0 51.3044019675 51.0055413735
227 3 10000 101 204800 2000000000 32594 27100 0 0 50.5614530282 50.2669202921
11 189 10000 100 204800 2000000000 41162 27100 0 0 40.036927263 39.803702444
205 67 10000 100 204800 2000000000 41225 27100 0 0 39.9757428745 39.7428744694
166 46 10000 100 204800 2000000000 41377 27100 0 0 39.8288904464 39.5968774923
163 40 10000 101 204800 2000000000 41820 27100 0 0 39.4069823051 39.1774270684
99 174 10000 100 204800 2000000000 41993 27100 0 0 39.2446360108 39.0160264806
15 232 10000 101 204800 2000000000 42195 27100 0 0 39.0567602797 38.8292451712
62 109 10000 100 204800 2000000000 42528 27100 0 0 38.7509405568 38.5252069225
103 232 10000 100 204800 2000000000 44045 27100 0 0 37.4162788058 37.1983199001
244 19 10000 101 204800 2000000000 45177 27100 0 0 36.4787391814 36.2662416716
116 234 10000 101 204800 2000000000 47090 27100 0 0 34.9968146103 34.7929496708
42 249 10000 100 204800 2000000000 48026 27100 0 0 34.3147461792 34.1148544538
196 68 10000 100 204800 2000000000 48486 27100 0 0 33.9891927567 33.7911974591
35 255 10000 101 204800 2000000000 61658 27100 0 0 26.7280807032 26.5723831457
233 172 10000 100 614400 2000000000 64020 60060 0 0 77.2258669166 76.7760074977
14 131 10000 100 614400 2000000000 64287 60060 0 0 76.9051285641 76.4571375239
4 167 10000 100 614400 2000000000 65212 60060 0 0 75.8142673128 75.3726308041
248 97 10000 100 614400 2000000000 65643 60060 0 0 75.3164846214 74.8777478177
50 190 10000 100 614400 2000000000 67368 60060 0 0 73.3879586747 72.9604560029
86 212 10000 101 614400 2000000000 76122 60060 0 0 64.9483723496 64.5700323165
214 109 10000 101 614400 2000000000 76841 60060 0 0 64.3406514751 63.9658515636
87 0 10000 100 614400 2000000000 82197 60060 0 0 60.1481805905 59.7978028395
203 2 10000 100 614400 2000000000 90721 60060 0 0 54.4967537836 54.1792969654
194 64 10000 100 614400 2000000000 91370 60060 0 0 54.1096640035 53.7944620773
47 136 10000 100 614400 2000000000 97431 60060 0 0 50.7436031653 50.4480093605
106 251 10000 100 614400 2000000000 100021 60060 0 0 49.4296197798 49.1416802471
123 134 10000 100 1024000 2000000000 100953 93020 0 0 81.6221409963 81.1466722138
145 92 10000 100 1024000 2000000000 101150 93020 0 0 81.4631735047 80.9886307464
6 225 10000 100 1024000 2000000000 102595 93020 0 0 80.3158048638 79.8479458063
170 70 10000 100 1024000 2000000000 102695 93020 0 0 80.2375967671 79.7701932908
210 123 10000 100 614400 2000000000 106319 60060 0 0 46.5015660418 46.2306831328
226 155 10000 100 1024000 2000000000 106966 93020 0 0 77.0338238319 76.5850831105
16 245 10000 100 1024000 2000000000 108416 93020 0 0 76.0035419126 75.5608028335
57 252 10000 100 614400 2000000000 109247 60060 0 0 45.2552472837 44.991624484
2 128 10000 100 1024000 2000000000 110667 93020 0 0 74.4576070554 74.0238734221
91 191 10000 100 614400 2000000000 110675 60060 0 0 44.6713349898 44.411113621
204 135 10000 100 1024000 2000000000 111546 93020 0 0 73.8708694171 73.4405536729
28 209 10000 100 1024000 2000000000 112254 93020 0 0 73.4049566162 72.9773549272
177 16 10000 100 1024000 2000000000 113114 93020 0 0 72.8468624573 72.4225118023
133 234 10000 102 1024000 2000000000 117534 93020 0 0 70.1073731856 69.6989807205
19 13 10000 101 1024000 2000000000 118342 93020 0 0 69.6287032499 69.2230991533
211 40 10000 102 1024000 2000000000 123225 93020 0 0 66.8695475756 66.4800162305
216 103 10000 101 614400 2000000000 124873 60060 0 0 39.5922257013 39.3615913768
79 221 10000 100 614400 2000000000 125241 60060 0 0 39.4758904831 39.2459338396
191 68 10000 101 1024000 2000000000 125341 93020 0 0 65.7406594809 65.357704183
64 174 10000 101 1024000 2000000000 126619 93020 0 0 65.0771211272 64.6980311012
200 111 10000 100 614400 2000000000 147056 60060 0 0 33.619845501 33.4240017408
44 206 10000 101 1024000 2000000000 147631 93020 0 0 55.8148356375 55.4897006726
124 253 10000 100 1024000 2000000000 151815 93020 0 0 54.276586635 53.960412344
172 241 10000 101 1024000 2000000000 154015 93020 0 0 53.5012823426 53.1896243872
151 250 10000 100 614400 2000000000 155075 60060 0 0 31.881347735 31.6956311462
33 148 10000 100 1024000 2000000000 161195 93020 0 0 51.1182108626 50.820434877
199 33 10000 100 614400 2000000000 178347 60060 0 0 27.7212400545 27.5597571027
221 57 10000 100 2048000 2000000000 191744 175420 0 0 85.9479305741 85.4472630174
187 159 10000 100 2048000 2000000000 194459 175420 0 0 84.7479417255 84.2542643951
72 188 10000 100 2048000 2000000000 194622 175420 0 0 84.6769635499 84.1836996845
38 187 10000 100 2048000 2000000000 202026 175420 0 0 81.573658836 81.0984724738
165 22 10000 100 1024000 2000000000 208557 93020 0 0 39.5095825122 39.2794296044
251 140 10000 100 2048000 2000000000 213405 175420 1 0 77.2240575432 76.7742086643
236 52 10000 100 2048000 2000000000 233754 175420 2 0 70.5014673546 70.0907791952
174 19 10000 102 2048000 2000000000 238398 175420 0 0 69.1280967122 68.7254087702
30 249 10000 101 2048000 2000000000 252852 175420 1 0 65.176466866 64.796798127
173 221 10000 101 2048000 2000000000 269099 175420 1 0 61.2414018633 60.884655833
213 4 10000 100 614400 2000000000 271972 60060 0 0 18.1783418881 18.0724486344
212 5 10000 100 2048000 2000000000 278002 175420 4 0 59.2801490637 58.934827807
37 111 10000 101 1024000 2000000000 283854 93020 1 0 29.0290078702 28.8599068535
144 33 10000 101 2048000 2000000000 373097 175420 1 0 44.1708188487 43.9135131079
20 250 10000 101 2048000 2000000000 436008 175420 2 0 37.797471606 37.5772921598
96 6 10000 100 5120000 2000000000 469050 422620 0 0 87.8371175781 87.3254450485
115 45 10000 101 5120000 2000000000 513836 422620 2 0 80.181225138 79.7141500401
176 63 10000 100 5120000 2000000000 519783 422620 3 0 79.2638466437 78.8021154982
140 102 10000 100 5120000 2000000000 526091 422620 3 0 78.3134476735 77.8572528327
54 189 10000 101 5120000 2000000000 529757 422620 3 0 77.7715065587 77.3184686564
192 14 10000 100 5120000 2000000000 533718 422620 3 0 77.1943235941 76.7446479227
113 30 10000 101 5120000 2000000000 543127 422620 3 0 75.8570279143 75.4151423148
201 103 10000 102 5120000 2000000000 565427 422620 2 0 72.8652858813 72.4408279053
215 31 10000 100 5120000 2000000000 626003 422620 8 0 65.8143810812 65.4309963371
134 4 10000 101 2048000 2000000000 635188 175420 2 0 25.9450745291 25.7939381726
185 111 10000 102 5120000 2000000000 667378 422620 3 0 61.7341296836 61.3745133942
129 250 10000 102 5120000 2000000000 746171 422620 5 0 55.2152254644 54.8935833743
46 181 10000 101 5120000 2000000000 873843 422620 5 0 47.1480574886 46.87340861
107 22 10000 101 5120000 2000000000 929149 422620 1 0 44.3416502628 44.0833493875
83 217 10000 100 12288000 2000000000 1187143 999420 4 0 83.2924087494 82.8072102518
152 201 10000 100 12288000 2000000000 1187810 999420 5 0 83.2456369285 82.7607108881
240 24 10000 100 12288000 2000000000 1210286 999420 5 0 81.6996974269 81.2237768594
175 89 10000 100 12288000 2000000000 1220945 999420 8 0 80.986449021 80.5146832986
59 130 10000 100 12288000 2000000000 1232447 999420 7 0 80.2306306072 79.7632677105
45 1 10000 101 12288000 2000000000 1278748 999420 9 0 77.3256341359 76.8751935487
247 191 10000 101 12288000 2000000000 1313558 999420 8 0 75.2764628589 74.8379591918
5 66 10000 100 12288000 2000000000 1347756 999420 16 0 73.3663956977 72.9390186354
241 33 10000 102 12288000 2000000000 1465470 999420 7 0 67.4732338431 67.0801858789
207 156 10000 100 12288000 2000000000 1604842 999420 7 0 61.6135420185 61.2546281815
202 185 10000 100 12288000 2000000000 2048596 999420 16 0 48.2672034896 47.9860353139
25 255 10000 102 12288000 2000000000 2124482 999420 8 0 46.5431102735 46.2719853593
184 4 10000 102 12288000 2000000000 2313687 999420 5 0 42.7369821415 42.4880288475
68 213 10000 100 25600000 2000000000 2508482 2070620 15 0 82.1213785867 81.6430016241
220 141 10000 101 25600000 2000000000 2543906 2070620 14 0 80.9778348728 80.5061193299
26 123 10000 101 25600000 2000000000 2560226 2070620 12 0 80.4616467452 79.9929381234
198 117 10000 100 25600000 2000000000 2564363 2070620 17 0 80.3318406949 79.8638882249
94 132 10000 100 25600000 2000000000 2592031 2070620 19 0 79.4743581385 79.0114007124
179 254 10000 101 25600000 2000000000 2641866 2070620 17 0 77.9751887492 77.5209643487
43 220 10000 100 25600000 2000000000 2742440 2070620 26 0 75.1155904961 74.6780239495
239 46 10000 101 25600000 2000000000 2789789 2070620 28 0 73.8407098171 73.4105697599
48 154 10000 100 25600000 2000000000 2839990 2070620 14 0 72.5354666742 72.1129299751
224 55 10000 100 25600000 2000000000 2902344 2070620 17 0 70.9771136709 70.5636547563
114 244 10000 100 25600000 2000000000 3239551 2070620 20 0 63.5890591011 63.2186373976
102 247 10000 100 25600000 2000000000 3313473 2070620 29 0 62.1704175649 61.8082597927
52 255 10000 103 25600000 2000000000 3611291 2070620 25 0 57.0433122116 56.7110210725
3 153 10000 100 43008000 2000000000 4167729 3471420 20 0 83.0380286242 82.5543119526
245 121 10000 100 43008000 2000000000 4306399 3471420 28 0 80.3641278943 79.8959873435
29 184 10000 101 43008000 2000000000 4329693 3471420 28 0 79.9317642152 79.4661422877
156 53 10000 100 43008000 2000000000 4354348 3471420 34 0 79.4791780538 79.0161925505
149 48 10000 100 43008000 2000000000 4362684 3471420 31 0 79.3273131861 78.8652123326
78 196 10000 100 43008000 2000000000 4488181 3471420 43 0 77.1091896695 76.6600099238
9 62 10000 100 43008000 2000000000 4596572 3471420 28 0 75.2908906898 74.8523029771
135 41 10000 100 43008000 2000000000 4603753 3471420 50 0 75.173450878 74.7355472807
65 94 10000 100 43008000 2000000000 4625346 3471420 35 0 74.8225105754 74.3866512905
169 239 10000 100 43008000 2000000000 4803830 3471420 36 0 72.0425160757 71.6228509335
193 21 10000 101 43008000 2000000000 5030536 3471420 48 0 68.795849985 68.3950974608
197 18 10000 100 43008000 2000000000 5032155 3471420 32 0 68.7737162309 68.3730926412
76 118 10000 100 43008000 2000000000 7552182 3471420 30 0 45.8251668193 45.5582241
34 252 10000 101 128000000 2000000000 12925536 10310620 52 0 79.6872176133 79.2230202291
158 22 10000 102 128000000 2000000000 12966167 10310620 65 0 79.4375084017 78.9747656343
126 193 10000 100 128000000 2000000000 13735644 10310620 107 0 74.9873831908 74.5505634829
237 4 10000 103 128000000 2000000000 14169641 10310620 83 0 72.6906207433 72.2671802341
21 118 10000 101 128000000 2000000000 16714440 10310620 80 0 61.6233627929 61.2643917475
