SLOWDOWN#1BDP=104000Bytes
#Category,Avg  ,50%  ,95%   ,99%   ,99.9% 
<1BDP,1.437,1.108,3.012,4.678,7.234
>1BDP,3.935,2.285,11.043,16.759,24.362
#
#
#
#
#
#CDF   Size	Avg   50%   95%    99%    99.9% 
#0.050 875	1.366 1.004 3.010 4.781 7.850
#0.100 1751	1.373 1.021 3.028 4.931 7.602
#0.150 2620	1.377 1.034 2.996 4.729 7.447
#0.200 3501	1.384 1.046 3.018 4.699 7.277
#0.250 4185	1.393 1.058 2.978 4.787 7.571
#0.300 4615	1.398 1.064 3.001 4.730 7.361
#0.350 5049	1.405 1.070 3.009 4.731 7.266
#0.400 5480	1.409 1.077 3.003 4.737 7.085
#0.450 5913	1.404 1.080 3.017 4.660 7.032
#0.500 6345	1.416 1.087 3.008 4.772 7.391
#0.550 6779	1.415 1.092 3.011 4.706 7.084
#0.600 7206	1.422 1.097 3.025 4.689 7.551
#0.650 7639	1.425 1.103 3.007 4.673 6.928
#0.700 8574	1.435 1.109 3.050 4.771 7.337
#0.750 12087	1.443 1.135 2.988 4.623 7.329
#0.800 15575	1.479 1.173 3.036 4.700 6.990
#0.850 23176	1.503 1.220 2.980 4.497 7.210
#0.900 31278	1.556 1.283 2.996 4.494 6.690
#0.950 93286	1.664 1.437 3.032 4.214 6.078
#1.000 1999844	3.700 2.121 10.626 16.403 23.679
#
#
#
#
#
ABSOLUTE#1BDP=104000Bytes
#Category,Avg  ,50%  ,95%   ,99%   ,99.9% 
<1BDP,12.765,9.868,28.648,44.121,67.487
>1BDP,335.369,101.047,1177.595,1921.960,3358.463
#
#
#
#
#
#CDF  ,Size  ,Avg   ,50%   ,95%    ,99%    ,99.9%   >> scale: us-scale
#0.050 875	10.864 8.393 24.971 39.970 65.555
#0.100 1751	11.048 8.598 25.392 41.327 64.088
#0.150 2620	11.186 8.764 25.255 39.935 63.561
#0.200 3501	11.339 8.930 25.756 40.228 62.111
#0.250 4185	11.517 9.095 25.578 41.289 65.324
#0.300 4615	11.605 9.180 25.918 40.894 63.931
#0.350 5049	11.710 9.267 26.082 41.208 63.227
#0.400 5480	11.800 9.355 26.188 41.243 61.840
#0.450 5913	11.793 9.412 26.366 40.925 61.703
#0.500 6345	11.973 9.510 26.429 42.141 65.396
#0.550 6779	11.995 9.582 26.603 41.543 62.790
#0.600 7206	12.108 9.662 26.813 41.675 67.135
#0.650 7639	12.178 9.742 26.704 41.698 61.919
#0.700 8574	12.331 9.839 27.179 42.676 65.789
#0.750 12087	12.699 10.298 27.266 42.395 67.157
#0.800 15575	13.453 10.950 28.597 44.385 66.611
#0.850 23176	14.309 11.900 29.388 44.646 70.968
#0.900 31278	15.859 13.346 31.616 47.323 70.799
#0.950 93286	21.042 18.437 40.426 56.394 79.828
#1.000 1999844	301.965 68.656 1135.340 1866.620 3255.050
#
#EOF