130 76 10000 100 16384 2000000000 11965 11938 0 0 11.0188048475 10.9546176348
49 146 10000 100 16384 2000000000 11968 11938 0 0 11.0160427807 10.9518716578
112 26 10000 100 16384 2000000000 11981 11938 0 0 11.0040898089 10.9399883148
230 129 10000 100 16384 2000000000 11993 11938 0 0 10.9930792963 10.9290419411
222 51 10000 100 16384 2000000000 12004 11938 0 0 10.9830056648 10.919026991
67 141 10000 100 16384 2000000000 12630 11938 0 0 10.4386381631 10.3778305622
219 37 10000 100 16384 2000000000 12638 11938 0 0 10.4320303846 10.3712612755
164 30 10000 100 16384 2000000000 12677 11938 0 0 10.3999368936 10.3393547369
31 206 10000 100 16384 2000000000 13276 11938 0 0 9.93070201868 9.87285326906
40 205 10000 100 16384 2000000000 13294 11938 0 0 9.91725590492 9.85948548217
160 115 10000 100 16384 2000000000 13305 11938 0 0 9.90905674558 9.85133408493
77 212 10000 100 16384 2000000000 13305 11938 0 0 9.90905674558 9.85133408493
88 7 10000 100 16384 2000000000 13328 11938 0 0 9.89195678271 9.83433373349
243 13 10000 100 16384 2000000000 13946 11938 0 0 9.45360676897 9.39853721497
13 216 10000 100 16384 2000000000 13951 11938 0 0 9.45021862232 9.3951688051
183 1 10000 100 16384 2000000000 13962 11938 0 0 9.44277324166 9.38776679559
232 103 10000 100 16384 2000000000 15275 11938 0 0 8.63109656301 8.58081833061
137 15 10000 100 40960 2000000000 15302 13916 0 0 21.5396680173 21.414194223
148 216 10000 101 40960 2000000000 15314 13916 0 0 21.5227896043 21.3974141309
53 3 10000 100 40960 2000000000 15932 13916 0 0 20.6879236756 20.5674114989
70 241 10000 100 40960 2000000000 15984 13916 0 0 20.6206206206 20.5005005005
84 181 10000 100 40960 2000000000 17300 13916 0 0 19.0520231214 18.9410404624
189 40 10000 100 40960 2000000000 21272 13916 0 0 15.4945468221 15.4042873261
153 21 10000 100 204800 2000000000 27949 27100 0 0 58.9645425597 58.6210597875
99 174 10000 100 614400 2000000000 73079 60060 0 0 67.6528140779 67.2587200153
58 222 10000 100 40960 2000000000 74008 13916 1 0 4.45357258675 4.42762944547
75 178 10000 100 40960 2000000000 74648 13916 1 0 4.41538956168 4.38966884578
60 254 10000 100 40960 2000000000 74674 13916 2 0 4.41385221094 4.38814045049
217 49 10000 100 40960 2000000000 75310 13916 2 0 4.37657681583 4.3510821936
154 19 10000 100 40960 2000000000 76018 13916 4 0 4.33581520166 4.31055802573
92 224 10000 100 40960 2000000000 76647 13916 3 0 4.30023353817 4.27518363406
167 203 10000 100 40960 2000000000 77283 13916 4 0 4.26484479122 4.24000103516
136 12 10000 100 40960 2000000000 77293 13916 3 0 4.26429301489 4.23945247306
1 72 10000 100 40960 2000000000 77298 13916 3 0 4.26401718026 4.23917824523
190 28 10000 100 40960 2000000000 77372 13916 4 0 4.25993899602 4.2351238174
74 234 10000 100 40960 2000000000 81956 13916 2 0 4.02167016448 3.99824295964
89 162 10000 100 204800 2000000000 90608 27100 5 0 18.1882394491 18.0822885396
166 46 10000 100 204800 2000000000 97428 27100 16 0 16.9150552203 16.816520918
235 98 10000 100 204800 2000000000 98591 27100 16 0 16.7155217008 16.6181497297
98 197 10000 100 204800 2000000000 99926 27100 16 0 16.4922042311 16.3961331385
103 232 10000 100 204800 2000000000 115327 27100 16 0 14.2898020412 14.2065604759
62 109 10000 100 204800 2000000000 122521 27100 16 0 13.4507553807 13.3724014659
86 212 10000 101 614400 2000000000 131625 60060 16 0 37.5612535613 37.3424501425
10 255 10000 100 204800 2000000000 132445 27100 16 0 12.4429008268 12.3704179093
57 252 10000 100 614400 2000000000 133596 60060 16 0 37.0070960208 36.7915207042
225 56 10000 100 614400 2000000000 133823 60060 16 0 36.9443219775 36.7291123349
79 221 10000 100 614400 2000000000 151728 60060 16 0 32.5846251186 32.3948117684
163 40 10000 101 614400 2000000000 154892 60060 16 0 31.9190145392 31.7330785321
4 167 10000 100 1024000 2000000000 167300 93020 16 0 49.252839211 48.965929468
14 131 10000 100 1024000 2000000000 167959 93020 16 0 49.0595919242 48.7738078936
104 176 10000 100 204800 2000000000 168130 27100 32 0 9.80193897579 9.74484030215
195 61 10000 100 204800 2000000000 169904 27100 32 0 9.69959506545 9.64309256992
32 116 10000 100 204800 2000000000 171842 27100 32 0 9.59020495572 9.53433968413
116 234 10000 101 614400 2000000000 192001 60060 16 0 25.7498658861 25.5998666674
106 251 10000 100 614400 2000000000 204600 60060 32 0 24.1642228739 24.0234604106
0 124 10000 100 614400 2000000000 205696 60060 32 0 24.0354698195 23.895457374
15 232 10000 101 614400 2000000000 214895 60060 31 0 23.0065846111 22.8725656716
27 184 10000 100 204800 2000000000 224042 27100 22 0 7.35576365146 7.31291454281
150 233 10000 100 204800 2000000000 235411 27100 42 0 7.00052249045 6.95974274779
210 123 10000 100 1024000 2000000000 237501 93020 32 0 34.6945907596 34.4924863474
233 172 10000 100 1024000 2000000000 243489 93020 32 0 33.841364497 33.6442303348
205 67 10000 100 204800 2000000000 249206 27100 44 0 6.6130028972 6.57448055023
142 45 10000 100 204800 2000000000 257525 27100 44 0 6.3993787011 6.36210076692
123 134 10000 100 2048000 2000000000 260134 175420 16 0 63.3519647566 62.9829241852
177 16 10000 100 2048000 2000000000 262404 175420 15 0 62.8039206719 62.4380725904
64 174 10000 101 2048000 2000000000 272137 175420 16 0 60.5577337885 60.2049702907
91 191 10000 100 1024000 2000000000 272564 93020 32 0 30.2314318839 30.0553264554
248 97 10000 100 1024000 2000000000 308682 93020 49 0 26.6941383041 26.5386384694
19 13 10000 101 1024000 2000000000 310675 93020 48 0 26.5228936992 26.3683914058
42 249 10000 100 614400 2000000000 313361 60060 48 0 15.7773302996 15.6854235211
87 0 10000 100 1024000 2000000000 313811 93020 47 0 26.2578430966 26.1048847873
216 103 10000 101 1024000 2000000000 321042 93020 32 0 25.6664237078 25.51691056
214 109 10000 101 1024000 2000000000 330291 93020 47 0 24.9476976363 24.8023712423
151 250 10000 100 1024000 2000000000 333388 93020 31 0 24.7159465848 24.5719701969
227 3 10000 101 614400 2000000000 334639 60060 49 0 14.7741297338 14.6880668422
231 75 10000 100 614400 2000000000 343440 60060 62 0 14.3955276031 14.3116701607
35 255 10000 101 204800 2000000000 350237 27100 43 0 4.70538521059 4.67797519965
28 209 10000 100 2048000 2000000000 394947 175420 46 0 41.7271178158 41.4840472266
196 68 10000 100 204800 2000000000 407278 27100 57 0 4.04637618531 4.0228050619
200 111 10000 100 1024000 2000000000 413585 93020 46 0 19.9233531197 19.807294752
50 190 10000 100 1024000 2000000000 450137 93020 81 0 18.3055380917 18.1989038893
16 245 10000 100 2048000 2000000000 472959 175420 65 0 34.8444579763 34.6414805512
47 136 10000 100 1024000 2000000000 524598 93020 97 0 15.7072653727 15.6157667395
213 4 10000 100 614400 2000000000 550109 60060 81 0 8.9873097877 8.9349565268
165 22 10000 100 2048000 2000000000 553267 175420 58 0 29.7867033458 29.613188569
191 68 10000 101 2048000 2000000000 581173 175420 78 0 28.3564446387 28.191261466
133 234 10000 102 5120000 2000000000 598706 422620 16 0 68.8150778512 68.4142133201
145 92 10000 100 5120000 2000000000 606547 422620 32 0 67.9254864009 67.5298039558
204 135 10000 100 2048000 2000000000 669702 175420 111 0 24.6079599583 24.4646126187
44 206 10000 101 2048000 2000000000 672950 175420 107 0 24.48918939 24.3465339178
221 57 10000 100 5120000 2000000000 673283 422620 46 0 61.1926931172 60.8362308272
6 225 10000 100 5120000 2000000000 739418 422620 64 0 55.7194983081 55.3949187063
124 253 10000 100 5120000 2000000000 743516 422620 63 0 55.4123919324 55.0896012998
226 155 10000 100 5120000 2000000000 798742 422620 74 0 51.5811112975 51.2806388045
170 70 10000 100 2048000 2000000000 824316 175420 142 0 19.9923330373 19.8758728449
211 40 10000 102 5120000 2000000000 828004 422620 80 0 49.7582137284 49.4683600562
194 64 10000 100 1024000 2000000000 832073 93020 160 0 9.90297726281 9.84529001662
2 128 10000 100 5120000 2000000000 884787 422620 95 0 46.5648794569 46.2936277319
110 20 10000 100 614400 2000000000 917360 60060 177 0 5.38937821575 5.35798377954
244 19 10000 101 614400 2000000000 1005829 60060 181 0 4.91534843398 4.8867153363
11 189 10000 100 614400 2000000000 1017765 60060 180 0 4.85770290784 4.82940560935
172 241 10000 101 2048000 2000000000 1033656 175420 180 0 15.9434086389 15.8505344138
203 2 10000 100 1024000 2000000000 1044710 93020 208 0 7.88735629983 7.84141053498
33 148 10000 100 5120000 2000000000 1156420 422620 157 0 35.627194272 35.419657218
37 111 10000 101 5120000 2000000000 1242061 422620 103 0 33.1706735821 32.9774463573
134 4 10000 101 5120000 2000000000 1285506 422620 69 0 32.0496364856 31.862939574
199 33 10000 100 1024000 2000000000 1290471 93020 224 0 6.38526553483 6.34806981327
187 159 10000 100 12288000 2000000000 1653221 999420 123 0 59.8105153515 59.4621045825
38 187 10000 100 12288000 2000000000 1669217 999420 126 0 59.2373549994 58.8922830285
173 221 10000 101 12288000 2000000000 1823441 999420 156 0 54.2271452709 53.9112589878
30 249 10000 101 12288000 2000000000 1963252 999420 194 0 50.365414119 50.0720233572
236 52 10000 100 12288000 2000000000 2062451 999420 222 0 47.9429571903 47.663677828
251 140 10000 100 12288000 2000000000 2305391 999420 262 0 42.8907721076 42.6409229497
72 188 10000 100 12288000 2000000000 2568207 999420 327 0 38.5015693828 38.2772883961
20 250 10000 101 12288000 2000000000 2955306 999420 203 0 33.4584641996 33.2635605247
212 5 10000 100 12288000 2000000000 2978006 999420 444 0 33.2034253793 33.0100073673
144 33 10000 101 12288000 2000000000 3210048 999420 156 0 30.803277708 30.6238411388
140 102 10000 100 25600000 2000000000 3521854 2070620 288 0 58.491919313 58.1511896859
54 189 10000 101 25600000 2000000000 3643704 2070620 283 0 56.5358766793 56.2065414754
176 63 10000 100 25600000 2000000000 3723924 2070620 346 0 55.3179925262 54.995751793
192 14 10000 100 25600000 2000000000 3860929 2070620 357 0 53.3550345008 53.0442284745
107 22 10000 101 25600000 2000000000 3924766 2070620 342 0 52.4872056067 52.1814548944
46 181 10000 101 25600000 2000000000 4138762 2070620 434 0 49.7733380175 49.4833962426
96 6 10000 100 25600000 2000000000 4276029 2070620 449 0 48.1755385663 47.894904361
185 111 10000 102 25600000 2000000000 4447837 2070620 353 0 46.3146468722 46.0448528127
113 30 10000 101 25600000 2000000000 4693392 2070620 576 0 43.8914968108 43.6358181886
201 103 10000 102 25600000 2000000000 5474870 2070620 699 0 37.62646419 37.4072809035
152 201 10000 100 43008000 2000000000 6055204 3471420 527 0 57.1541437745 56.8212070147
115 45 10000 101 43008000 2000000000 6390942 3471420 554 0 54.1516414951 53.8361950398
184 4 10000 102 43008000 2000000000 6449413 3471420 456 0 53.6606974929 53.3481109056
59 130 10000 100 43008000 2000000000 6487247 3471420 622 0 53.3477451992 53.0369816349
175 89 10000 100 43008000 2000000000 6515019 3471420 612 0 53.1203362569 52.8108974049
83 217 10000 100 43008000 2000000000 6623058 3471420 647 0 52.2538078332 51.9494167196
241 33 10000 102 43008000 2000000000 6849000 3471420 369 0 50.5300043802 50.2356548401
207 156 10000 100 43008000 2000000000 7183568 3471420 786 0 48.1766164112 47.8959759273
129 250 10000 102 43008000 2000000000 7415400 3471420 557 0 46.6704425924 46.3985759366
202 185 10000 100 43008000 2000000000 9043779 3471420 1196 0 38.2671889705 38.0442733065
247 191 10000 101 43008000 2000000000 9925623 3471420 1439 0 34.8673327609 34.6642220846
240 24 10000 100 128000000 2000000000 17350901 10310620 1393 0 59.3629114707 59.0171081029
45 1 10000 101 128000000 2000000000 19420906 10310620 1856 0 53.0356307785 52.7266853565
25 255 10000 102 128000000 2000000000 20099307 10310620 2021 0 51.2455479186 50.9470301638
5 66 10000 100 128000000 2000000000 20554947 10310620 2054 0 50.1095916229 49.8176910892
174 19 10000 102 12288000 2000000000 23531003 999420 4979 0 4.20211582141 4.17763747682
215 31 10000 100 25600000 2000000000 24799142 2070620 5335 0 8.30673899928 8.25835022841
