49 146 10000 100 16384 2000000000 11968 11938 0 0 11.0160427807 10.9518716578
230 129 10000 100 16384 2000000000 11989 11938 0 0 10.9967470181 10.9326882976
40 205 10000 100 16384 2000000000 12627 11938 0 0 10.4411182387 10.3802961907
130 76 10000 100 16384 2000000000 12632 11938 0 0 10.4369854338 10.3761874604
219 37 10000 100 16384 2000000000 12638 11938 0 0 10.4320303846 10.3712612755
222 51 10000 100 16384 2000000000 12638 11938 0 0 10.4320303846 10.3712612755
112 26 10000 100 16384 2000000000 12648 11938 0 0 10.4237824162 10.3630613536
164 30 10000 100 16384 2000000000 12677 11938 0 0 10.3999368936 10.3393547369
84 181 10000 100 16384 2000000000 13284 11938 0 0 9.92472146944 9.86690755796
189 40 10000 100 16384 2000000000 13289 11938 0 0 9.92098728272 9.86319512379
136 12 10000 100 16384 2000000000 13289 11938 0 0 9.92098728272 9.86319512379
31 206 10000 100 16384 2000000000 13289 11938 0 0 9.92098728272 9.86319512379
13 216 10000 100 16384 2000000000 13297 11938 0 0 9.91501842521 9.85726103632
183 1 10000 100 16384 2000000000 13305 11938 0 0 9.90905674558 9.85133408493
77 212 10000 100 16384 2000000000 13305 11938 0 0 9.90905674558 9.85133408493
160 115 10000 100 16384 2000000000 13309 11938 0 0 9.90607859343 9.84837328124
167 203 10000 100 16384 2000000000 13951 11938 1 0 9.45021862232 9.3951688051
67 141 10000 100 16384 2000000000 13954 11938 0 0 9.44818689981 9.39314891787
243 13 10000 100 16384 2000000000 13956 11938 0 0 9.44683290341 9.39180280883
190 28 10000 100 16384 2000000000 13966 11938 1 0 9.44006873836 9.38507804668
74 234 10000 100 16384 2000000000 13980 11938 0 0 9.43061516452 9.3756795422
195 61 10000 100 40960 2000000000 14014 13916 1 0 23.5193378051 23.3823319538
88 7 10000 100 16384 2000000000 14616 11938 0 0 9.02025177887 8.96770662288
32 116 10000 100 40960 2000000000 14640 13916 1 0 22.5136612022 22.3825136612
58 222 10000 100 40960 2000000000 14652 13916 2 0 22.4952224952 22.3641823642
217 49 10000 100 40960 2000000000 14652 13916 2 0 22.4952224952 22.3641823642
89 162 10000 100 40960 2000000000 14657 13916 1 0 22.4875486116 22.3565531828
1 72 10000 100 16384 2000000000 15267 11938 0 0 8.63561930962 8.58531473112
235 98 10000 100 40960 2000000000 15270 13916 1 0 21.5848068107 21.459070072
232 103 10000 100 16384 2000000000 15275 11938 0 0 8.63109656301 8.58081833061
137 15 10000 100 40960 2000000000 15302 13916 1 0 21.5396680173 21.414194223
150 233 10000 100 40960 2000000000 15313 13916 0 0 21.5241951283 21.3988114674
75 178 10000 100 40960 2000000000 15314 13916 2 0 21.5227896043 21.3974141309
148 216 10000 101 40960 2000000000 15947 13916 1 0 20.668464288 20.5480654669
166 46 10000 100 40960 2000000000 16005 13916 0 0 20.5935645111 20.4736019994
153 21 10000 100 40960 2000000000 16096 13916 1 0 20.4771371769 20.3578528827
92 224 10000 100 40960 2000000000 16643 13916 1 0 19.804121853 19.6887580364
196 68 10000 100 40960 2000000000 16643 13916 3 0 19.804121853 19.6887580364
142 45 10000 100 40960 2000000000 17373 13916 1 0 18.9719679963 18.8614516779
205 67 10000 100 40960 2000000000 17390 13916 0 0 18.9534215066 18.843013226
27 184 10000 100 40960 2000000000 17975 13916 3 0 18.3365785814 18.2297635605
70 241 10000 100 40960 2000000000 18609 13916 0 0 17.7118598528 17.6086839701
10 255 10000 100 40960 2000000000 18612 13916 3 0 17.709004943 17.605845691
53 3 10000 100 40960 2000000000 18629 13916 1 0 17.6928444898 17.5897793762
60 254 10000 100 40960 2000000000 18644 13916 3 0 17.6786097404 17.5756275477
103 232 10000 100 40960 2000000000 19286 13916 1 0 17.0901171834 16.9905631028
154 19 10000 100 40960 2000000000 23348 13916 2 0 14.1168408429 14.0346068186
35 255 10000 101 40960 2000000000 23920 13916 0 0 13.779264214 13.6989966555
0 124 10000 100 204800 2000000000 30512 27100 2 0 54.0115364447 53.6969061353
104 176 10000 100 204800 2000000000 30826 27100 6 0 53.4613637838 53.1499383637
4 167 10000 100 204800 2000000000 31480 27100 2 0 52.3506988564 52.0457433291
225 56 10000 100 204800 2000000000 32740 27100 8 0 50.335980452 50.0427611484
98 197 10000 100 204800 2000000000 33452 27100 8 0 49.2646179601 48.977639603
110 20 10000 100 204800 2000000000 35840 27100 19 0 45.9821428571 45.7142857143
231 75 10000 100 204800 2000000000 39808 27100 13 0 41.3987138264 41.1575562701
227 3 10000 101 204800 2000000000 39972 27100 7 0 41.2288602021 40.9886920845
163 40 10000 101 204800 2000000000 40496 27100 7 0 40.6953773212 40.4583168708
62 109 10000 100 204800 2000000000 43220 27100 6 0 38.1304951411 37.908375752
86 212 10000 101 204800 2000000000 44068 27100 14 0 37.3967504765 37.1789053281
248 97 10000 100 204800 2000000000 44658 27100 22 0 36.9026826101 36.6877155269
99 174 10000 100 204800 2000000000 44694 27100 3 0 36.8729583389 36.6581644069
11 189 10000 100 204800 2000000000 45130 27100 16 0 36.5167294483 36.3040106359
79 221 10000 100 204800 2000000000 45177 27100 10 0 36.4787391814 36.2662416716
116 234 10000 101 204800 2000000000 48704 27100 19 0 33.8370565046 33.6399474376
106 251 10000 100 204800 2000000000 49094 27100 33 0 33.5682568135 33.3727135699
57 252 10000 100 204800 2000000000 50465 27100 31 0 32.6562964431 32.46606559
214 109 10000 101 204800 2000000000 50588 27100 17 0 32.5768957065 32.387127382
15 232 10000 101 204800 2000000000 56388 27100 22 0 29.2260764702 29.055827481
14 131 10000 100 614400 2000000000 65243 60060 4 0 75.7782444094 75.3368177429
64 174 10000 101 614400 2000000000 84354 60060 7 0 58.6101429689 58.2687246604
87 0 10000 100 204800 2000000000 85224 27100 26 0 19.3372758847 19.2246315592
213 4 10000 100 204800 2000000000 86499 27100 16 0 19.0522433785 18.9412594365
187 159 10000 100 1024000 2000000000 104694 93020 5 0 78.7055609682 78.2470819722
6 225 10000 100 1024000 2000000000 105952 93020 6 0 77.7710661432 77.3180308064
244 19 10000 101 204800 2000000000 107496 27100 7 0 15.3308030066 15.241497358
191 68 10000 101 614400 2000000000 122872 60060 87 0 40.236994596 40.0026043362
72 188 10000 100 1024000 2000000000 149098 93020 45 0 55.265664194 54.9437282861
42 249 10000 100 204800 2000000000 157648 27100 45 0 10.4536689333 10.3927737745
91 191 10000 100 614400 2000000000 182920 60060 72 0 27.0282090531 26.8707631752
152 201 10000 100 2048000 2000000000 203225 175420 12 0 81.0923852872 80.6200024603
133 234 10000 102 1024000 2000000000 265059 93020 37 0 31.0874182729 30.906326516
200 111 10000 100 614400 2000000000 298089 60060 265 0 16.5856505943 16.4890351539
123 134 10000 100 614400 2000000000 308023 60060 222 0 16.050749457 15.9572499456
174 19 10000 102 1024000 2000000000 315950 93020 114 0 26.0800759614 25.9281531888
176 63 10000 100 2048000 2000000000 321937 175420 61 0 51.1901396857 50.8919446973
201 103 10000 102 2048000 2000000000 332034 175420 14 0 49.633471271 49.3443442539
251 140 10000 100 1024000 2000000000 361908 93020 120 0 22.768217337 22.6355869447
151 250 10000 100 614400 2000000000 371474 60060 300 0 13.3091414204 13.2316124412
233 172 10000 100 614400 2000000000 389421 60060 197 0 12.6957714145 12.6218154645
210 123 10000 100 614400 2000000000 446213 60060 180 0 11.0799102671 11.0153671005
247 191 10000 101 2048000 2000000000 461842 175420 3 0 35.6831990161 35.4753357209
204 135 10000 100 614400 2000000000 469528 60060 387 0 10.529723467 10.468385272
170 70 10000 100 614400 2000000000 477394 60060 164 0 10.3562256752 10.295898147
216 103 10000 101 614400 2000000000 491973 60060 271 0 10.0493319755 9.99079217762
192 14 10000 100 2048000 2000000000 493617 175420 53 0 33.3862083356 33.1917255686
30 249 10000 101 1024000 2000000000 520322 93020 186 0 15.8363474925 15.7440969246
134 4 10000 101 1024000 2000000000 546008 93020 207 0 15.0913539728 15.003443173
165 22 10000 100 614400 2000000000 547562 60060 324 0 9.02911451123 8.97651772767
140 102 10000 100 2048000 2000000000 548019 175420 15 0 30.0719500601 29.896773652
212 5 10000 100 1024000 2000000000 569565 93020 211 0 14.4671810943 14.382906253
236 52 10000 100 1024000 2000000000 576614 93020 172 0 14.2903224688 14.2070778719
173 221 10000 101 1024000 2000000000 581946 93020 268 0 14.1593893592 14.0769074794
198 117 10000 100 5120000 2000000000 605251 422620 143 0 68.0709325553 67.674402851
185 111 10000 102 2048000 2000000000 616987 175420 48 0 26.7104493288 26.5548544783
44 206 10000 101 614400 2000000000 674347 60060 568 0 7.33153702767 7.28882904499
177 16 10000 100 614400 2000000000 719472 60060 213 0 6.87170591767 6.83167656281
46 181 10000 101 1024000 2000000000 730339 93020 324 0 11.282431857 11.216708953
38 187 10000 100 1024000 2000000000 758386 93020 247 0 10.8651794732 10.8018871656
115 45 10000 101 2048000 2000000000 766444 175420 366 0 21.5018970727 21.3766433034
145 92 10000 100 1024000 2000000000 777629 93020 195 0 10.5963126375 10.5345865445
144 33 10000 101 1024000 2000000000 777678 93020 356 0 10.5956449842 10.5339227804
96 6 10000 100 2048000 2000000000 779012 175420 254 0 21.1550014634 21.0317684452
129 250 10000 102 2048000 2000000000 779723 175420 136 0 21.1357110153 21.0125903686
221 57 10000 100 1024000 2000000000 804336 93020 120 0 10.2444749458 10.1847983927
50 190 10000 100 614400 2000000000 805358 60060 804 0 6.13888481893 6.10312432483
83 217 10000 100 5120000 2000000000 813343 422620 199 0 50.6551356562 50.360057196
175 89 10000 100 2048000 2000000000 837165 175420 230 0 19.6854861348 19.5708134
172 241 10000 101 614400 2000000000 867650 60060 448 0 5.69815017576 5.66495706794
26 123 10000 101 5120000 2000000000 880149 422620 308 0 46.8102559907 46.5375748879
47 136 10000 100 614400 2000000000 885956 60060 321 0 5.58041257128 5.54790531358
203 2 10000 100 614400 2000000000 957395 60060 657 0 5.1640127638 5.13393113605
124 253 10000 100 1024000 2000000000 1085041 93020 256 0 7.59418307695 7.54994511728
194 64 10000 100 614400 2000000000 1097336 60060 280 0 4.50545685187 4.47921147215
199 33 10000 100 614400 2000000000 1104506 60060 524 0 4.47620927365 4.45013426817
52 255 10000 103 5120000 2000000000 1115782 422620 120 0 36.9247756282 36.7096798479
220 141 10000 101 5120000 2000000000 1155917 422620 197 0 35.6426975293 35.4350701651
65 94 10000 100 12288000 2000000000 1189318 999420 86 0 83.1400853262 82.6557741496
2 128 10000 100 1024000 2000000000 1221020 93020 232 0 6.74845620874 6.70914481335
184 4 10000 102 5120000 2000000000 1253844 422620 50 0 32.8589521503 32.6675407786
207 156 10000 100 2048000 2000000000 1339949 175420 403 0 12.298975558 12.2273310402
54 189 10000 101 2048000 2000000000 1382307 175420 505 0 11.9220983472 11.8526492306
68 213 10000 100 12288000 2000000000 1423668 999420 222 0 69.4543952663 69.049806556
16 245 10000 100 614400 2000000000 1526686 60060 256 0 3.23838693746 3.21952254753
28 209 10000 100 614400 2000000000 1536299 60060 289 0 3.21812355538 3.19937720457
135 41 10000 100 12288000 2000000000 1612167 999420 392 0 61.3335963334 60.9763132479
37 111 10000 101 1024000 2000000000 1626460 93020 666 0 5.06621742926 5.03670548307
19 13 10000 101 614400 2000000000 1695372 60060 278 0 2.91617414939 2.89918672716
202 185 10000 100 5120000 2000000000 1794723 422620 360 0 22.9561887823 22.8224634108
215 31 10000 100 1024000 2000000000 1845516 93020 1205 0 4.46487594797 4.43886696187
240 24 10000 100 5120000 2000000000 1851302 422620 387 0 22.2546078382 22.1249693459
43 220 10000 100 12288000 2000000000 1874450 999420 376 0 52.7514737656 52.4441836272
5 66 10000 100 5120000 2000000000 1880759 422620 561 0 21.9060496321 21.778441576
48 154 10000 100 12288000 2000000000 1933054 999420 531 0 51.1522181998 50.8542441132
179 254 10000 101 12288000 2000000000 2168885 999420 355 0 45.5902456792 45.3246714326
113 30 10000 101 2048000 2000000000 2178607 175420 1809 0 7.56446665231 7.52040179803
33 148 10000 100 1024000 2000000000 2273415 93020 896 0 3.62450322532 3.6033896143
226 155 10000 100 1024000 2000000000 2335668 93020 551 0 3.52789865683 3.50734779087
211 40 10000 102 1024000 2000000000 2337797 93020 596 0 3.5246858474 3.50415369684
25 255 10000 102 5120000 2000000000 2388896 422620 1732 0 17.2464602896 17.1459954724
245 121 10000 100 12288000 2000000000 2517546 999420 682 0 39.2763429149 39.0475486843
20 250 10000 101 1024000 2000000000 2752126 93020 477 0 2.99404896433 2.9766079024
3 153 10000 100 25600000 2000000000 3068509 2070620 470 0 67.1335818145 66.7425124059
78 196 10000 100 12288000 2000000000 3169329 999420 121 0 31.1990329814 31.0172910417
237 4 10000 103 25600000 2000000000 3334741 2070620 342 0 61.7739128766 61.4140648404
156 53 10000 100 25600000 2000000000 3655222 2070620 961 0 56.357726015 56.0294285819
9 62 10000 100 12288000 2000000000 3681559 999420 1002 0 26.85818698 26.7017315219
169 239 10000 100 25600000 2000000000 3950790 2070620 1070 0 52.1414704401 51.8377337191
126 193 10000 100 25600000 2000000000 3955263 2070620 632 0 52.0825037425 51.7791105168
149 48 10000 100 25600000 2000000000 4053349 2070620 802 0 50.8221719867 50.5261204994
107 22 10000 101 2048000 2000000000 4273650 175420 2378 0 3.85618850397 3.83372526997
121 243 10000 100 25600000 2000000000 4420924 2070620 637 0 46.5965938342 46.3251573653
21 118 10000 101 25600000 2000000000 4429731 2070620 100 0 46.5039524973 46.2330556867
76 118 10000 100 25600000 2000000000 4540735 2070620 207 0 45.3671046648 45.1028302687
209 69 10000 100 43008000 2000000000 4555619 3471420 634 0 75.9677224983 75.525192076
238 134 10000 101 43008000 2000000000 4724355 3471420 784 0 73.2544442575 72.8277193395
157 47 10000 100 25600000 2000000000 4789616 2070620 154 0 43.0097110081 42.7591690023
168 223 10000 100 43008000 2000000000 5239289 3471420 1085 0 66.054764301 65.6699792663
193 21 10000 101 12288000 2000000000 5351433 999420 1880 0 18.4772938389 18.3696591175
8 89 10000 101 43008000 2000000000 5405362 3471420 841 0 64.0253141233 63.6523511284
24 196 10000 101 25600000 2000000000 5517358 2070620 133 0 37.3367107953 37.1192153926
208 7 10000 101 43008000 2000000000 5739775 3471420 852 0 60.2950464086 59.9438131286
93 196 10000 102 43008000 2000000000 7128082 3471420 272 0 48.5516300177 48.2688049885
119 107 10000 100 43008000 2000000000 7262279 3471420 1424 0 47.6544621874 47.3768633786
41 31 10000 101 43008000 2000000000 8194127 3471420 2442 0 42.2351276713 41.9890978014
59 130 10000 100 5120000 2000000000 8491920 422620 10418 0 4.85167076468 4.82340860489
94 132 10000 100 5120000 2000000000 8841417 422620 1355 0 4.65988653176 4.63274156168
223 128 10000 101 25600000 2000000000 10833316 2070620 1341 0 19.01541504 18.904645632
180 44 10000 101 43008000 2000000000 11288511 3471420 348 0 30.6577191624 30.4791305071
241 33 10000 102 5120000 2000000000 11412377 422620 3595 0 3.6101155789 3.58908577941
82 232 10000 102 128000000 2000000000 13159802 10310620 1710 0 78.2686548019 77.8127208905
120 204 10000 100 128000000 2000000000 14627852 10310620 1999 0 70.4136191698 70.0034427474
118 47 10000 101 128000000 2000000000 16007411 10310620 2317 0 64.3451961095 63.9703697244
188 19 10000 103 25600000 2000000000 16367642 2070620 3280 0 12.5858080229 12.5124926364
224 55 10000 100 12288000 2000000000 16933433 999420 1871 0 5.83933570942 5.8053201616
45 1 10000 101 5120000 2000000000 17310316 422620 5213 0 2.38008364492 2.36621908
228 90 10000 100 43008000 2000000000 19924774 3471420 2411 0 17.3693312657 17.2681506952
234 17 10000 100 128000000 2000000000 28090466 10310620 22215 0 36.6672450361 36.4536494339
29 184 10000 101 12288000 2000000000 30678934 999420 44715 0 3.22305853261 3.20428343436
114 244 10000 100 5120000 2000000000 30871836 422620 1999 0 1.33454971709 1.32677564107
17 191 10000 102 43008000 2000000000 34047600 3471420 18796 0 10.1645930991 10.1053818771
102 247 10000 100 12288000 2000000000 38423932 999420 5077 0 2.57339618444 2.55840552706
239 46 10000 101 12288000 2000000000 39260269 999420 27397 0 2.51857673212 2.50390541135
100 44 10000 100 43008000 2000000000 42153967 3471420 53034 0 8.20990347124 8.16207879083
105 8 10000 100 43008000 2000000000 59195610 3471420 5974 0 5.84637948659 5.81232290705
85 14 10000 101 43008000 2000000000 60349873 3471420 6751 0 5.73456053503 5.70115532803
158 22 10000 102 25600000 2000000000 62130386 2070620 2760 0 3.3156079217 3.2962937008
246 9 10000 100 128000000 2000000000 67287907 10310620 81253 0 15.3073567885 15.2181877198
197 18 10000 100 12288000 2000000000 78373288 999420 2803 0 1.26165435346 1.25430491062
34 252 10000 101 25600000 2000000000 88823316 2070620 130737 0 2.31921087026 2.30570090403
61 251 10000 101 43008000 2000000000 91455921 3471420 7090 0 3.7841180343 3.76207462828
