SLOWDOWN#1BDP=104000Bytes
#Category,Avg  ,50%  ,95%   ,99%   ,99.9% 
<1BDP,1.545,1.118,3.605,5.956,10.073
>1BDP,4.286,2.579,11.188,15.387,21.447
#
#
#
#
#
#CDF   Size	Avg   50%   95%    99%    99.9% 
#0.050 875	1.481 1.006 3.659 6.280 10.455
#0.100 1751	1.479 1.024 3.609 6.010 10.277
#0.150 2620	1.496 1.037 3.663 6.160 10.531
#0.200 3501	1.513 1.051 3.724 6.364 10.544
#0.250 4185	1.507 1.063 3.611 6.067 10.906
#0.300 4615	1.507 1.069 3.607 6.112 9.917
#0.350 5049	1.520 1.075 3.641 6.092 10.842
#0.400 5480	1.521 1.083 3.640 6.078 10.386
#0.450 5913	1.521 1.088 3.637 6.026 9.813
#0.500 6345	1.527 1.095 3.628 6.021 10.219
#0.550 6779	1.525 1.100 3.622 5.993 10.189
#0.600 7206	1.528 1.105 3.628 5.959 10.080
#0.650 7639	1.526 1.110 3.567 5.885 10.187
#0.700 8574	1.539 1.117 3.632 5.978 9.712
#0.750 12087	1.547 1.146 3.545 5.811 9.764
#0.800 15575	1.579 1.182 3.536 5.910 10.242
#0.850 23176	1.608 1.229 3.579 5.647 9.228
#0.900 31278	1.649 1.296 3.527 5.558 9.145
#0.950 93286	1.753 1.449 3.515 5.236 7.984
#1.000 1999844	4.023 2.309 10.861 15.039 21.121
#
#
#
#
#
ABSOLUTE#1BDP=104000Bytes
#Category,Avg  ,50%  ,95%   ,99%   ,99.9% 
<1BDP,13.743,9.999,33.745,55.165,91.359
>1BDP,384.109,91.672,1325.661,2017.961,3091.356
#
#
#
#
#
#CDF  ,Size  ,Avg   ,50%   ,95%    ,99%    ,99.9%   >> scale: us-scale
#0.050 875	11.811 8.409 30.331 52.087 86.953
#0.100 1751	11.929 8.611 30.153 50.160 84.091
#0.150 2620	12.187 8.790 30.880 52.035 88.635
#0.200 3501	12.429 8.964 31.624 53.967 89.091
#0.250 4185	12.487 9.126 30.840 51.933 92.590
#0.300 4615	12.532 9.206 31.056 52.508 86.220
#0.350 5049	12.696 9.302 31.493 52.629 94.098
#0.400 5480	12.769 9.395 31.661 52.926 91.145
#0.450 5913	12.809 9.470 31.623 52.633 86.122
#0.500 6345	12.939 9.569 31.809 52.722 89.476
#0.550 6779	12.959 9.634 31.854 52.848 89.061
#0.600 7206	13.044 9.727 32.039 52.686 89.730
#0.650 7639	13.068 9.798 31.626 52.201 90.387
#0.700 8574	13.250 9.890 32.365 53.344 86.674
#0.750 12087	13.637 10.381 32.369 52.826 88.406
#0.800 15575	14.396 11.027 33.288 55.812 96.958
#0.850 23176	15.342 11.978 35.298 55.836 90.423
#0.900 31278	16.846 13.450 37.168 58.641 97.313
#0.950 93286	22.177 18.634 46.041 69.018 102.432
#1.000 1999844	345.579 66.687 1280.920 1957.950 3021.840
#
#EOF