49 146 10000 100 16384 2000000000 11973 11938 0 0 11.0114424121 10.9472980874
84 181 10000 100 16384 2000000000 11977 11938 0 0 11.0077648827 10.9436419805
230 129 10000 100 16384 2000000000 11993 11938 0 0 10.9930792963 10.9290419411
189 40 10000 100 16384 2000000000 12627 11938 0 0 10.4411182387 10.3802961907
67 141 10000 100 16384 2000000000 12630 11938 0 0 10.4386381631 10.3778305622
112 26 10000 100 16384 2000000000 12632 11938 0 0 10.4369854338 10.3761874604
130 76 10000 100 16384 2000000000 12632 11938 0 0 10.4369854338 10.3761874604
219 37 10000 100 16384 2000000000 12638 11938 0 0 10.4320303846 10.3712612755
164 30 10000 100 16384 2000000000 12677 11938 0 0 10.3999368936 10.3393547369
40 205 10000 100 16384 2000000000 13289 11938 0 0 9.92098728272 9.86319512379
160 115 10000 100 16384 2000000000 13305 11938 0 0 9.90905674558 9.85133408493
88 7 10000 100 16384 2000000000 13328 11938 0 0 9.89195678271 9.83433373349
31 206 10000 100 16384 2000000000 13938 11938 0 0 9.45903285981 9.40393169752
13 216 10000 100 16384 2000000000 13951 11938 0 0 9.45021862232 9.3951688051
222 51 10000 100 16384 2000000000 13954 11938 0 0 9.44818689981 9.39314891787
243 13 10000 100 16384 2000000000 13954 11938 0 0 9.44818689981 9.39314891787
77 212 10000 100 16384 2000000000 13961 11938 0 0 9.44344960963 9.38843922355
183 1 10000 100 16384 2000000000 13975 11938 0 0 9.43398926655 9.37903398927
1 72 10000 100 16384 2000000000 15270 11938 0 0 8.6339227243 8.58362802881
232 103 10000 100 16384 2000000000 15275 11938 0 0 8.63109656301 8.58081833061
150 233 10000 100 40960 2000000000 15278 13916 0 0 21.5735043854 21.4478334861
137 15 10000 100 40960 2000000000 15302 13916 0 0 21.5396680173 21.414194223
166 46 10000 100 204800 2000000000 37951 27100 0 0 43.4244156939 43.1714579326
163 40 10000 101 204800 2000000000 41158 27100 0 0 40.0408183099 39.8075708246
14 131 10000 100 614400 2000000000 60454 60060 0 0 81.7811890032 81.3047937275
190 28 10000 100 16384 2000000000 73965 11938 1 0 1.78246467924 1.77208138985
58 222 10000 100 40960 2000000000 74639 13916 1 0 4.41592197109 4.39019815378
75 178 10000 100 40960 2000000000 74648 13916 1 0 4.41538956168 4.38966884578
27 184 10000 100 40960 2000000000 74674 13916 1 0 4.41385221094 4.38814045049
217 49 10000 100 40960 2000000000 75310 13916 2 0 4.37657681583 4.3510821936
53 3 10000 100 40960 2000000000 75319 13916 1 0 4.37605385095 4.35056227512
153 21 10000 100 40960 2000000000 75987 13916 1 0 4.33758406043 4.31231658047
32 116 10000 100 40960 2000000000 76010 13916 3 0 4.33627154322 4.31101170899
89 162 10000 100 40960 2000000000 76016 13916 2 0 4.33592927805 4.31067143759
235 98 10000 100 40960 2000000000 76628 13916 3 0 4.30129978598 4.27624367072
136 12 10000 100 40960 2000000000 76657 13916 3 0 4.29967256741 4.2746259311
92 224 10000 100 40960 2000000000 76658 13916 3 0 4.29961647838 4.2745701688
60 254 10000 100 40960 2000000000 76672 13916 1 0 4.29883138564 4.27378964942
148 216 10000 101 40960 2000000000 77280 13916 3 0 4.26501035197 4.24016563147
167 203 10000 100 40960 2000000000 77824 13916 4 0 4.23519736842 4.21052631579
142 45 10000 100 40960 2000000000 77979 13916 4 0 4.2267790046 4.20215699098
70 241 10000 100 40960 2000000000 78625 13916 4 0 4.1920508744 4.16763116057
10 255 10000 100 40960 2000000000 81952 13916 3 0 4.02186645841 3.99843811011
154 19 10000 100 40960 2000000000 83259 13916 4 0 3.95873118822 3.93567061819
74 234 10000 100 40960 2000000000 83276 13916 2 0 3.95792305106 3.93486718863
225 56 10000 100 204800 2000000000 98684 27100 15 0 16.6997689595 16.602488752
0 124 10000 100 204800 2000000000 101133 27100 16 0 16.2953734192 16.2004489138
62 109 10000 100 204800 2000000000 121018 27100 16 0 13.617808921 13.5384818787
116 234 10000 101 204800 2000000000 123666 27100 16 0 13.326217392 13.2485889412
4 167 10000 100 614400 2000000000 132711 60060 16 0 37.2538824966 37.0368695888
104 176 10000 100 204800 2000000000 159460 27100 22 0 10.3348802207 10.274677035
231 75 10000 100 204800 2000000000 160601 27100 20 0 10.2614554081 10.2016799397
98 197 10000 100 204800 2000000000 161974 27100 20 0 10.1744724462 10.1152036747
227 3 10000 101 204800 2000000000 164551 27100 21 0 10.0151320867 9.95679151145
15 232 10000 101 204800 2000000000 192731 27100 26 0 8.55077802741 8.50096766996
99 174 10000 100 204800 2000000000 193191 27100 28 0 8.53041808366 8.48072632783
103 232 10000 100 204800 2000000000 195090 27100 31 0 8.44738325901 8.39817520119
233 172 10000 100 614400 2000000000 202556 60060 32 0 24.4080649302 24.2658820277
195 61 10000 100 204800 2000000000 233274 27100 35 0 7.06465358334 7.0235002615
6 225 10000 100 1024000 2000000000 236097 93020 32 0 34.900909372 34.6976031038
145 92 10000 100 1024000 2000000000 237702 93020 32 0 34.6652531321 34.4633196187
110 20 10000 100 204800 2000000000 237993 27100 36 0 6.92457341182 6.88423609098
123 134 10000 100 1024000 2000000000 238474 93020 32 0 34.553033035 34.351753231
210 123 10000 100 614400 2000000000 239584 60060 32 0 20.6357686657 20.5155603045
205 67 10000 100 204800 2000000000 245420 27100 41 0 6.71501915084 6.67590253443
11 189 10000 100 204800 2000000000 260450 27100 40 0 6.32751007871 6.2906507967
133 234 10000 102 1024000 2000000000 264353 93020 30 0 31.1704425522 30.9888671587
64 174 10000 101 1024000 2000000000 266965 93020 32 0 30.8654692563 30.6856704062
50 190 10000 100 614400 2000000000 274328 60060 48 0 18.0222215742 17.9172377592
196 68 10000 100 204800 2000000000 277669 27100 47 0 5.93512419463 5.90055065564
151 250 10000 100 614400 2000000000 284588 60060 32 0 17.3724823253 17.2712833992
91 191 10000 100 614400 2000000000 313506 60060 47 0 15.7700331094 15.6781688389
244 19 10000 101 204800 2000000000 330433 27100 58 0 4.98739532674 4.95834253843
187 159 10000 100 2048000 2000000000 333266 175420 30 0 49.4499888978 49.16193071
214 109 10000 101 614400 2000000000 365824 60060 64 0 13.5146955913 13.4359692092
199 33 10000 100 614400 2000000000 373059 60060 33 0 13.252595434 13.1753958489
35 255 10000 101 204800 2000000000 376119 27100 48 0 4.38159199615 4.35606815928
191 68 10000 101 1024000 2000000000 419458 93020 64 0 19.6443982473 19.5299648594
213 4 10000 100 614400 2000000000 419625 60060 36 0 11.781948168 11.7133154602
165 22 10000 100 1024000 2000000000 419775 93020 45 0 19.6295634566 19.515216485
200 111 10000 100 614400 2000000000 453840 60060 64 0 10.8937070333 10.8302485457
211 40 10000 102 1024000 2000000000 464322 93020 79 0 17.7463053657 17.6429288296
251 140 10000 100 2048000 2000000000 475316 175420 60 0 34.6716710567 34.4697001574
248 97 10000 100 614400 2000000000 482631 60060 88 0 10.2438508923 10.1841779745
42 249 10000 100 204800 2000000000 495455 27100 72 0 3.32623548052 3.30685935151
203 2 10000 100 614400 2000000000 499878 60060 94 0 9.89041326084 9.83279920301
47 136 10000 100 614400 2000000000 507834 60060 96 0 9.73546473848 9.6787532934
216 103 10000 101 614400 2000000000 539541 60060 97 0 9.16334439829 9.10996569306
72 188 10000 100 2048000 2000000000 541063 175420 78 0 30.4585602786 30.2811317721
236 52 10000 100 2048000 2000000000 542295 175420 77 0 30.3893637227 30.212338303
194 64 10000 100 614400 2000000000 556209 60060 96 0 8.88874505806 8.83696596064
79 221 10000 100 614400 2000000000 591820 60060 104 0 8.35389138589 8.30522794093
221 57 10000 100 2048000 2000000000 613305 175420 95 0 26.8708065318 26.7142775617
38 187 10000 100 2048000 2000000000 613558 175420 94 0 26.8597263828 26.7032619573
144 33 10000 101 2048000 2000000000 661548 175420 47 0 24.9112687212 24.7661545345
176 63 10000 100 5120000 2000000000 732087 422620 63 0 56.2774642904 55.9496344014
44 206 10000 101 1024000 2000000000 757225 93020 135 0 10.8818382911 10.8184489419
86 212 10000 101 614400 2000000000 781595 60060 147 0 6.32552664743 6.28867891939
106 251 10000 100 614400 2000000000 809803 60060 152 0 6.10518854586 6.06962434073
173 221 10000 101 2048000 2000000000 844456 175420 138 0 19.5155224192 19.4018397643
201 103 10000 102 5120000 2000000000 886504 422620 69 0 46.4746915976 46.2039652387
54 189 10000 101 5120000 2000000000 907325 422620 96 0 45.4082054391 45.143691621
87 0 10000 100 614400 2000000000 917416 60060 179 0 5.38904924266 5.3576567228
170 70 10000 100 1024000 2000000000 939431 93020 190 0 8.7712668626 8.72017210418
172 241 10000 101 1024000 2000000000 977354 93020 192 0 8.43092676758 8.38181457282
124 253 10000 100 1024000 2000000000 985064 93020 194 0 8.36493872479 8.3162109264
226 155 10000 100 1024000 2000000000 1006139 93020 190 0 8.18972328873 8.14201616278
28 209 10000 100 1024000 2000000000 1014103 93020 200 0 8.12540737972 8.07807490955
2 128 10000 100 1024000 2000000000 1015665 93020 202 0 8.11291124534 8.06565156818
177 16 10000 100 1024000 2000000000 1022093 93020 200 0 8.0618886931 8.0149262347
212 5 10000 100 2048000 2000000000 1055715 175420 192 0 15.610273606 15.5193399734
185 111 10000 102 5120000 2000000000 1065870 422620 73 0 38.6538696089 38.4287014364
96 6 10000 100 5120000 2000000000 1087712 422620 136 0 37.8776735018 37.6570268601
204 135 10000 100 1024000 2000000000 1095619 93020 223 0 7.52086263564 7.47705178534
19 13 10000 101 1024000 2000000000 1095793 93020 221 0 7.51966840453 7.47586451091
33 148 10000 100 1024000 2000000000 1098344 93020 219 0 7.50220331699 7.45850116175
107 22 10000 101 5120000 2000000000 1100442 422620 65 0 37.4395015821 37.2214073981
134 4 10000 101 2048000 2000000000 1125684 175420 136 0 14.6399877763 14.5547062941
37 111 10000 101 1024000 2000000000 1130966 93020 192 0 7.28580700039 7.24336540621
192 14 10000 100 5120000 2000000000 1152992 422620 158 0 35.7331187033 35.5249646138
30 249 10000 101 2048000 2000000000 1154284 175420 207 0 14.2772489266 14.1940804863
16 245 10000 100 1024000 2000000000 1158312 93020 222 0 7.1138000815 7.07236046937
46 181 10000 101 5120000 2000000000 1159683 422620 161 0 35.5269500372 35.3199969302
57 252 10000 100 614400 2000000000 1282998 60060 241 0 3.85347444033 3.83102701641
115 45 10000 101 5120000 2000000000 1508779 422620 245 0 27.306848783 27.147779761
129 250 10000 102 5120000 2000000000 1566486 422620 214 0 26.3009053384 26.1476961811
140 102 10000 100 5120000 2000000000 1639742 422620 284 0 25.1259039532 24.9795394641
5 66 10000 100 12288000 2000000000 1929747 999420 187 0 51.2398775591 50.9413928354
152 201 10000 100 12288000 2000000000 1990124 999420 214 0 49.6853462397 49.3959170383
20 250 10000 101 2048000 2000000000 2235030 175420 418 0 7.37350281652 7.33055037293
45 1 10000 101 12288000 2000000000 2315846 999420 268 0 42.6971396198 42.4484184182
241 33 10000 102 12288000 2000000000 2374886 999420 258 0 41.6356827233 41.3931447657
207 156 10000 100 12288000 2000000000 2382794 999420 277 0 41.4975025118 41.2557694874
83 217 10000 100 12288000 2000000000 2566879 999420 332 0 38.521488547 38.2970915263
175 89 10000 100 12288000 2000000000 2611308 999420 363 0 37.8660809066 37.6455017945
184 4 10000 102 12288000 2000000000 2635706 999420 134 0 37.5155650896 37.2970278172
240 24 10000 100 12288000 2000000000 2697734 999420 355 0 36.6529835781 36.4394710524
247 191 10000 101 12288000 2000000000 2721482 999420 379 0 36.3331449556 36.1214955675
202 185 10000 100 12288000 2000000000 3305213 999420 521 0 29.9163775527 29.7421073922
220 141 10000 101 25600000 2000000000 3315784 2070620 237 0 62.127086686 61.7651813266
25 255 10000 102 12288000 2000000000 3340770 999420 227 0 29.5979669358 29.4255515944
174 19 10000 102 2048000 2000000000 3514945 175420 727 0 4.68855131446 4.66123936505
68 213 10000 100 25600000 2000000000 3651356 2070620 312 0 56.4173967151 56.0887516857
59 130 10000 100 12288000 2000000000 3683750 999420 610 0 26.8422124194 26.685850017
215 31 10000 100 5120000 2000000000 3799521 422620 754 0 10.8434721114 10.7803062544
198 117 10000 100 25600000 2000000000 4205342 2070620 467 0 48.985314393 48.699963047
224 55 10000 100 25600000 2000000000 4461862 2070620 512 0 46.1690657398 45.9001197258
48 154 10000 100 25600000 2000000000 4840349 2070620 611 0 42.5589146568 42.3109986491
179 254 10000 101 25600000 2000000000 4883949 2070620 592 0 42.1789826225 41.9332798111
239 46 10000 101 25600000 2000000000 4967308 2070620 627 0 41.4711549999 41.2295754562
113 30 10000 101 5120000 2000000000 5366411 422620 1091 0 7.67738438222 7.63266175476
94 132 10000 100 25600000 2000000000 5428037 2070620 718 0 37.9511046074 37.7300302117
52 255 10000 103 25600000 2000000000 5722949 2070620 582 0 35.9954282311 35.7857461249
26 123 10000 101 25600000 2000000000 5753179 2070620 797 0 35.8062907481 35.5977104137
245 121 10000 100 43008000 2000000000 5905455 3471420 482 0 58.6034437651 58.2620644811
43 220 10000 100 25600000 2000000000 6029706 2070620 878 0 34.1641864462 33.9651717679
65 94 10000 100 43008000 2000000000 6185507 3471420 537 0 55.9501428096 55.6242196476
9 62 10000 100 43008000 2000000000 6365518 3471420 598 0 54.3679241815 54.051217827
3 153 10000 100 43008000 2000000000 6477874 3471420 585 0 53.4249354032 53.1137221872
135 41 10000 100 43008000 2000000000 6923194 3471420 689 0 49.9884879725 49.6972928969
169 239 10000 100 43008000 2000000000 7013946 3471420 711 0 49.3416972415 49.0542698789
149 48 10000 100 43008000 2000000000 7484852 3471420 838 0 46.2373871922 45.9680431891
156 53 10000 100 43008000 2000000000 7575525 3471420 887 0 45.6839624976 45.4178423278
29 184 10000 101 43008000 2000000000 8363046 3471420 1049 0 41.3820514679 41.1409909739
76 118 10000 100 43008000 2000000000 10582533 3471420 740 0 32.7029455046 32.5124429095
78 196 10000 100 43008000 2000000000 11487422 3471420 1861 0 30.1268639735 29.9513676785
197 18 10000 100 43008000 2000000000 13696965 3471420 2297 0 25.2669113194 25.1197254282
193 21 10000 101 43008000 2000000000 15548242 3471420 2711 0 22.2584649763 22.1288040153
126 193 10000 100 128000000 2000000000 18087561 10310620 1557 0 56.9452122373 56.6134925544
237 4 10000 103 128000000 2000000000 18392182 10310620 1285 0 56.002055656 55.6758300891
158 22 10000 102 128000000 2000000000 20723473 10310620 2066 0 49.7020938527 49.4125670924
21 118 10000 101 128000000 2000000000 21938341 10310620 1539 0 46.9497670767 46.6762732879
102 247 10000 100 25600000 2000000000 35144209 2070620 7806 0 5.86156313833 5.82741811034
114 244 10000 100 25600000 2000000000 36253920 2070620 8106 0 5.68214416538 5.64904429645
34 252 10000 101 128000000 2000000000 48296142 10310620 8781 0 21.326755251 21.2025217252
