67 141 10000 100 16384 2000000000 11342 11938 0 0 11.6240521954 11.55633927
232 103 10000 100 16384 2000000000 11960 11938 0 0 11.0234113712 10.9591973244
160 115 10000 100 16384 2000000000 12004 11938 0 0 10.9830056648 10.919026991
230 129 10000 100 16384 2000000000 12622 11938 0 0 10.4452543179 10.3844081762
164 30 10000 100 40960 2000000000 13328 13916 0 0 24.7298919568 24.5858343337
88 7 10000 100 40960 2000000000 13990 13916 1 0 23.5596854896 23.4224446033
40 205 10000 100 40960 2000000000 13995 13916 0 0 23.5512683101 23.4140764559
243 13 10000 100 40960 2000000000 14022 13916 1 0 23.5059192697 23.3689915847
219 37 10000 100 204800 2000000000 26657 27100 0 0 61.8224106239 61.4622800765
77 212 10000 100 204800 2000000000 29224 27100 3 0 56.3920065699 56.0635094443
112 26 10000 100 204800 2000000000 29268 27100 4 0 56.307229739 55.9792264589
222 51 10000 100 204800 2000000000 30714 27100 3 0 53.656313082 53.3437520349
31 206 10000 100 614400 2000000000 65436 60060 4 0 75.5547405098 75.1146158078
183 1 10000 100 614400 2000000000 67335 60060 3 0 73.4239251504 72.996212965
130 76 10000 100 1024000 2000000000 97863 93020 0 0 84.1993398935 83.7088583019
84 181 10000 100 1024000 2000000000 97867 93020 0 0 84.1958985153 83.7054369706
1 72 10000 100 1024000 2000000000 97939 93020 0 0 84.1340017766 83.6439007954
189 40 10000 100 1024000 2000000000 97951 93020 0 0 84.1236945003 83.6336535615
13 216 10000 100 614400 2000000000 108660 60060 0 0 45.4997239094 45.234676974
49 146 10000 100 614400 2000000000 122562 60060 90 0 40.3387673178 40.1037842072
136 12 10000 100 2048000 2000000000 192739 175420 1 0 85.5042311105 85.0061482108
190 28 10000 100 2048000 2000000000 192931 175420 1 0 85.4191394851 84.9215522648
167 203 10000 100 5120000 2000000000 476345 422620 17 0 86.4919333676 85.9880968626
74 234 10000 100 5120000 2000000000 580460 422620 123 0 70.9781897116 70.5647245288
75 178 10000 100 12288000 2000000000 1115666 999420 18 0 88.6286756072 88.11239206
60 254 10000 100 12288000 2000000000 1432591 999420 134 0 69.02179338 68.6197246807
92 224 10000 100 25600000 2000000000 2568162 2070620 228 0 80.2130083694 79.7457481265
58 222 10000 100 25600000 2000000000 2657056 2070620 320 0 77.5294160153 77.0777883492
154 19 10000 100 43008000 2000000000 4034908 3471420 278 0 85.7714723607 85.2718327159
148 216 10000 101 43008000 2000000000 4164880 3471420 374 0 83.0948310636 82.610783504
137 15 10000 100 128000000 2000000000 12092192 10310620 961 0 85.1789319918 84.6827440385
