67 141 10000 100 16384 2000000000 20342 11938 0 0 6.48117195949 6.44341755973
230 129 10000 100 16384 2000000000 20342 11938 0 0 6.48117195949 6.44341755973
164 30 10000 100 16384 2000000000 20342 11938 0 0 6.48117195949 6.44341755973
243 13 10000 100 16384 2000000000 20342 11938 0 0 6.48117195949 6.44341755973
40 205 10000 100 16384 2000000000 20576 11938 0 0 6.40746500778 6.3701399689
232 103 10000 100 16384 2000000000 20576 11938 0 0 6.40746500778 6.3701399689
160 115 10000 100 16384 2000000000 21004 11938 0 0 6.27689963816 6.24033517425
88 7 10000 100 16384 2000000000 22328 11938 0 0 5.90469365819 5.87029738445
49 146 10000 100 40960 2000000000 22328 13916 0 0 14.7617341455 14.6757434611
219 37 10000 100 40960 2000000000 22336 13916 0 0 14.7564469914 14.670487106
183 1 10000 100 40960 2000000000 22990 13916 0 0 14.3366681166 14.253153545
112 26 10000 100 40960 2000000000 22990 13916 0 0 14.3366681166 14.253153545
31 206 10000 100 40960 2000000000 22990 13916 1 0 14.3366681166 14.253153545
222 51 10000 100 40960 2000000000 22990 13916 0 0 14.3366681166 14.253153545
77 212 10000 100 40960 2000000000 24314 13916 0 0 13.5559759809 13.4770091305
13 216 10000 100 40960 2000000000 24314 13916 0 0 13.5559759809 13.4770091305
84 181 10000 100 204800 2000000000 44656 27100 0 0 36.9043353637 36.6893586528
130 76 10000 100 204800 2000000000 45318 27100 1 0 36.3652411845 36.1534048281
190 28 10000 100 204800 2000000000 45980 27100 1 0 35.8416702914 35.6328838625
167 203 10000 100 204800 2000000000 45988 27100 1 0 35.835435331 35.6266852222
136 12 10000 100 204800 2000000000 49290 27100 6 0 33.4347737878 33.2400081152
1 72 10000 100 204800 2000000000 49952 27100 7 0 32.9916720051 32.799487508
189 40 10000 100 204800 2000000000 51974 27100 0 0 31.7081617732 31.5234540347
74 234 10000 100 204800 2000000000 57414 27100 8 0 28.7038004668 28.5365938621
75 178 10000 100 614400 2000000000 104382 60060 0 0 47.3644881301 47.0885784905
58 222 10000 100 614400 2000000000 105020 60060 0 0 47.0767472862 46.8025138069
70 241 10000 100 614400 2000000000 105036 60060 0 0 47.0695761453 46.7953844396
137 15 10000 100 614400 2000000000 105453 60060 0 0 46.8834457057 46.610338255
60 254 10000 100 614400 2000000000 106884 60060 7 0 46.2557539014 45.9863029078
92 224 10000 100 614400 2000000000 108620 60060 0 0 45.5164794697 45.2513349291
148 216 10000 101 614400 2000000000 109272 60060 16 0 45.2448934768 44.9813309906
154 19 10000 100 614400 2000000000 128978 60060 0 0 38.3321186559 38.1088247608
142 45 10000 100 1024000 2000000000 153096 93020 6 0 53.8224382087 53.5089094424
217 49 10000 100 1024000 2000000000 158764 93020 0 0 51.9009347207 51.5985991787
153 21 10000 100 1024000 2000000000 158764 93020 7 0 51.9009347207 51.5985991787
89 162 10000 100 1024000 2000000000 158764 93020 1 0 51.9009347207 51.5985991787
150 233 10000 100 1024000 2000000000 159759 93020 6 0 51.5776888939 51.2772363372
27 184 10000 100 1024000 2000000000 160088 93020 0 0 51.4716905702 51.1718554795
10 255 10000 100 1024000 2000000000 190456 93020 0 0 43.2645860461 43.0125593313
53 3 10000 100 1024000 2000000000 198054 93020 1 0 41.6048148485 41.3624567037
166 46 10000 100 2048000 2000000000 267102 175420 4 0 61.699275932 61.3398626742
235 98 10000 100 2048000 2000000000 270253 175420 0 0 60.9798966154 60.6246739167
32 116 10000 100 2048000 2000000000 272002 175420 0 0 60.5877897957 60.2348512143
196 68 10000 100 2048000 2000000000 272674 175420 14 0 60.4384723149 60.0864035442
35 255 10000 101 2048000 2000000000 342288 175420 1 0 48.1465900061 47.8661244332
62 109 10000 100 5120000 2000000000 551570 422620 2 0 74.6958681582 74.2607465961
205 67 10000 100 5120000 2000000000 575210 422620 20 0 71.6260148468 71.2087759253
195 61 10000 100 5120000 2000000000 588269 422620 59 0 70.0359869379 69.628010315
104 176 10000 100 5120000 2000000000 756964 422620 97 0 54.4279516595 54.1108956304
103 232 10000 100 5120000 2000000000 1201028 422620 4 0 34.303946286 34.1041174727
116 234 10000 101 12288000 2000000000 1392338 999420 151 0 71.0172386303 70.6035459781
225 56 10000 100 12288000 2000000000 1399384 999420 270 0 70.6596616797 70.248052
0 124 10000 100 12288000 2000000000 1567529 999420 27 0 63.0801726794 62.7127153628
15 232 10000 101 12288000 2000000000 1758205 999420 97 0 56.2391757503 55.9115689012
99 174 10000 100 25600000 2000000000 2609396 2070620 196 0 78.9454724388 78.4855959004
42 249 10000 100 25600000 2000000000 2679946 2070620 314 0 76.8672204589 76.4194502427
244 19 10000 101 25600000 2000000000 2690762 2070620 235 0 76.5582388929 76.1122685693
98 197 10000 100 12288000 2000000000 2781740 999420 90 0 35.5460970472 35.3390324042
11 189 10000 100 25600000 2000000000 2783914 2070620 179 0 73.9965386862 73.565490888
110 20 10000 100 25600000 2000000000 2879618 2070620 495 0 71.5372664013 71.1205444611
163 40 10000 101 43008000 2000000000 4559046 3471420 139 0 75.9106181425 75.4684203669
106 251 10000 100 43008000 2000000000 4642498 3471420 673 0 74.5460741179 74.1118251424
231 75 10000 100 43008000 2000000000 4655788 3471420 425 0 74.3332814982 73.9002720914
227 3 10000 101 43008000 2000000000 4933174 3471420 889 0 70.1536171236 69.7449552763
86 212 10000 101 128000000 2000000000 13019571 10310620 1536 0 79.1116696549 78.6508249773
79 221 10000 100 128000000 2000000000 13916482 10310620 2361 0 74.01295816 73.5818147144
213 4 10000 100 128000000 2000000000 14059738 10310620 2414 0 73.2588331305 72.8320826462
57 252 10000 100 43008000 2000000000 14394482 3471420 764 0 24.0425463035 23.9024926357
