SLOWDOWN#1BDP=104000Bytes
#Category,Avg  ,50%  ,95%   ,99%   ,99.9% 
<1BDP,1.758,1.125,4.666,8.521,15.077
>1BDP,4.684,2.691,12.872,19.134,29.657
#
#
#
#
#
#CDF   Size	Avg   50%   95%    99%    99.9% 
#0.050 875	1.726 1.008 4.865 9.315 16.976
#0.100 1751	1.714 1.025 4.820 8.953 15.372
#0.150 2620	1.731 1.039 4.826 8.936 15.602
#0.200 3501	1.724 1.053 4.753 8.824 15.707
#0.250 4185	1.732 1.066 4.768 8.821 15.262
#0.300 4615	1.732 1.071 4.728 8.844 15.168
#0.350 5049	1.735 1.077 4.766 8.608 15.464
#0.400 5480	1.740 1.087 4.695 8.769 14.863
#0.450 5913	1.730 1.089 4.727 8.602 15.091
#0.500 6345	1.743 1.098 4.690 8.588 16.047
#0.550 6779	1.738 1.103 4.649 8.536 14.491
#0.600 7206	1.740 1.109 4.662 8.560 15.141
#0.650 7639	1.760 1.115 4.741 8.603 15.365
#0.700 8574	1.753 1.120 4.707 8.655 15.156
#0.750 12087	1.764 1.150 4.636 8.387 14.694
#0.800 15575	1.798 1.189 4.694 8.495 14.672
#0.850 23176	1.798 1.237 4.514 8.037 14.279
#0.900 31278	1.833 1.309 4.428 7.732 13.069
#0.950 93286	1.891 1.463 4.191 6.904 11.392
#1.000 1999844	4.385 2.400 12.479 18.677 29.305
#
#
#
#
#
ABSOLUTE#1BDP=104000Bytes
#Category,Avg  ,50%  ,95%   ,99%   ,99.9% 
<1BDP,15.674,10.116,43.199,77.988,135.890
>1BDP,435.127,95.593,1604.450,2674.848,4657.517
#
#
#
#
#
#CDF  ,Size  ,Avg   ,50%   ,95%    ,99%    ,99.9%   >> scale: us-scale
#0.050 875	13.860 8.419 40.419 77.464 141.845
#0.100 1751	13.909 8.624 40.491 75.069 128.827
#0.150 2620	14.183 8.802 40.818 75.906 132.583
#0.200 3501	14.244 8.976 40.617 75.344 134.582
#0.250 4185	14.434 9.150 40.924 76.302 132.182
#0.300 4615	14.493 9.228 40.877 76.645 131.871
#0.350 5049	14.583 9.322 41.294 74.972 134.680
#0.400 5480	14.687 9.428 40.934 76.719 130.561
#0.450 5913	14.646 9.477 41.399 75.508 132.607
#0.500 6345	14.855 9.583 41.265 75.956 141.866
#0.550 6779	14.848 9.667 41.150 75.625 128.466
#0.600 7206	14.933 9.745 41.224 76.024 134.750
#0.650 7639	15.165 9.826 42.223 76.904 137.226
#0.700 8574	15.187 9.920 42.144 77.640 135.886
#0.750 12087	15.635 10.401 42.444 76.736 135.027
#0.800 15575	16.472 11.089 44.276 80.497 140.424
#0.850 23176	17.220 12.052 44.685 79.915 143.033
#0.900 31278	18.790 13.558 46.854 81.933 140.218
#0.950 93286	23.938 18.850 54.517 89.393 146.286
#1.000 1999844	391.174 69.756 1524.770 2588.600 4551.040
#
#EOF