49 146 10000 100 16384 2000000000 11968 11938 0 0 11.0160427807 10.9518716578
130 76 10000 100 16384 2000000000 11970 11938 0 0 11.0142021721 10.9500417711
84 181 10000 100 16384 2000000000 11977 11938 0 0 11.0077648827 10.9436419805
112 26 10000 100 16384 2000000000 11989 11938 0 0 10.9967470181 10.9326882976
230 129 10000 100 16384 2000000000 11993 11938 0 0 10.9930792963 10.9290419411
67 141 10000 100 16384 2000000000 12630 11938 0 0 10.4386381631 10.3778305622
219 37 10000 100 16384 2000000000 12638 11938 0 0 10.4320303846 10.3712612755
164 30 10000 100 16384 2000000000 12677 11938 0 0 10.3999368936 10.3393547369
31 206 10000 100 16384 2000000000 13276 11938 0 0 9.93070201868 9.87285326906
222 51 10000 100 16384 2000000000 13292 11938 0 0 9.91874811917 9.86096900391
40 205 10000 100 16384 2000000000 13294 11938 0 0 9.91725590492 9.85948548217
77 212 10000 100 16384 2000000000 13305 11938 0 0 9.90905674558 9.85133408493
160 115 10000 100 16384 2000000000 13309 11938 0 0 9.90607859343 9.84837328124
88 7 10000 100 16384 2000000000 13328 11938 0 0 9.89195678271 9.83433373349
13 216 10000 100 16384 2000000000 13951 11938 0 0 9.45021862232 9.3951688051
243 13 10000 100 16384 2000000000 13954 11938 0 0 9.44818689981 9.39314891787
183 1 10000 100 16384 2000000000 13975 11938 0 0 9.43398926655 9.37903398927
1 72 10000 100 16384 2000000000 14613 11938 0 0 9.02210360638 8.96954766304
58 222 10000 100 40960 2000000000 14652 13916 0 0 22.4952224952 22.3641823642
217 49 10000 100 40960 2000000000 14652 13916 0 0 22.4952224952 22.3641823642
190 28 10000 100 40960 2000000000 14652 13916 0 0 22.4952224952 22.3641823642
75 178 10000 100 40960 2000000000 14652 13916 0 0 22.4952224952 22.3641823642
89 162 10000 100 40960 2000000000 14657 13916 0 0 22.4875486116 22.3565531828
53 3 10000 100 40960 2000000000 14677 13916 0 0 22.4569053621 22.3260884377
153 21 10000 100 40960 2000000000 14682 13916 0 0 22.4492575943 22.31848522
148 216 10000 101 40960 2000000000 14703 13916 0 0 22.41719377 22.2866081752
232 103 10000 100 16384 2000000000 15275 11938 0 0 8.63109656301 8.58081833061
137 15 10000 100 40960 2000000000 15302 13916 0 0 21.5396680173 21.414194223
136 12 10000 100 40960 2000000000 15306 13916 0 0 21.534038939 21.4085979355
167 203 10000 100 40960 2000000000 15338 13916 0 0 21.4891120094 21.3639327161
92 224 10000 100 40960 2000000000 15976 13916 0 0 20.6309464196 20.5107661492
154 19 10000 100 40960 2000000000 17300 13916 0 0 19.0520231214 18.9410404624
60 254 10000 100 40960 2000000000 17962 13916 0 0 18.3498496827 18.2429573544
27 184 10000 100 40960 2000000000 17979 13916 0 0 18.3324990266 18.2257077702
70 241 10000 100 40960 2000000000 19239 13916 0 0 17.1318675607 17.0320702739
10 255 10000 100 40960 2000000000 20598 13916 0 0 16.0015535489 15.9083406156
74 234 10000 100 40960 2000000000 20693 13916 0 0 15.9280916252 15.8353066254
189 40 10000 100 40960 2000000000 21272 13916 0 0 15.4945468221 15.4042873261
225 56 10000 100 204800 2000000000 28691 27100 0 0 57.4396152103 57.1050155101
235 98 10000 100 204800 2000000000 28710 27100 0 0 57.4016022292 57.0672239638
195 61 10000 100 204800 2000000000 29947 27100 0 0 55.0305539787 54.7099876448
98 197 10000 100 204800 2000000000 30055 27100 0 0 54.8328065214 54.5133921145
150 233 10000 100 204800 2000000000 30089 27100 0 0 54.7708464888 54.4517930141
0 124 10000 100 204800 2000000000 30493 27100 0 0 54.0451906995 53.7303643459
32 116 10000 100 204800 2000000000 30673 27100 0 0 53.7280344277 53.4150555863
104 176 10000 100 204800 2000000000 31369 27100 0 0 52.5359431286 52.2299085084
166 46 10000 100 204800 2000000000 40259 27100 0 0 40.9349462232 40.6964902258
11 189 10000 100 204800 2000000000 41334 27100 0 0 39.8703246722 39.6380703537
205 67 10000 100 204800 2000000000 41992 27100 0 0 39.2455705849 39.0169556106
62 109 10000 100 204800 2000000000 42617 27100 0 0 38.6700143135 38.4447520942
15 232 10000 101 204800 2000000000 42670 27100 0 0 38.6219826576 38.3970002344
103 232 10000 100 204800 2000000000 44045 27100 0 0 37.4162788058 37.1983199001
244 19 10000 101 204800 2000000000 44568 27100 0 0 36.9772033746 36.7618021899
142 45 10000 100 204800 2000000000 45345 27100 0 0 36.3435880472 36.1318778256
196 68 10000 100 204800 2000000000 46965 27100 1 0 35.089960609 34.8855530714
116 234 10000 101 204800 2000000000 48047 27100 0 0 34.2997481633 34.099943805
35 255 10000 101 204800 2000000000 62320 27100 0 0 26.4441591784 26.2901155327
14 131 10000 100 614400 2000000000 63476 60060 0 0 77.8877055895 77.4339907997
4 167 10000 100 614400 2000000000 64555 60060 0 0 76.5858570211 76.1397258152
248 97 10000 100 614400 2000000000 64807 60060 0 0 76.2880553027 75.843658864
231 75 10000 100 614400 2000000000 65456 60060 0 0 75.5316548521 75.0916646297
227 3 10000 101 614400 2000000000 66773 60060 0 0 74.0419031645 73.6105911072
86 212 10000 101 614400 2000000000 76773 60060 0 0 64.3976397952 64.0225079129
47 136 10000 100 614400 2000000000 76835 60060 0 0 64.3456757988 63.9708466194
214 109 10000 101 614400 2000000000 78798 60060 0 0 62.7427092058 62.3772176959
87 0 10000 100 614400 2000000000 82974 60060 0 0 59.5849302191 59.2378335382
110 20 10000 100 614400 2000000000 83559 60060 0 0 59.1677736689 58.8231070262
203 2 10000 100 614400 2000000000 89252 60060 0 0 55.3937166674 55.0710348227
57 252 10000 100 614400 2000000000 96113 60060 0 0 51.439451479 51.1398041888
233 172 10000 100 1024000 2000000000 100129 93020 0 0 82.2938409452 81.8144593474
170 70 10000 100 1024000 2000000000 102815 93020 0 0 80.1439478675 79.6770899188
163 40 10000 101 614400 2000000000 103844 60060 0 0 47.609876353 47.3325372674
123 134 10000 100 1024000 2000000000 104263 93020 0 0 79.0309122124 78.5705379665
99 174 10000 100 614400 2000000000 109887 60060 0 0 44.9916732644 44.7295858473
28 209 10000 100 1024000 2000000000 111647 93020 0 0 73.8040431001 73.3741166355
42 249 10000 100 614400 2000000000 112466 60060 0 0 43.9599523412 43.7038749489
204 135 10000 100 1024000 2000000000 112880 93020 0 0 72.9978738483 72.5726435152
106 251 10000 100 614400 2000000000 115355 60060 0 0 42.8590004768 42.6093363963
50 190 10000 100 1024000 2000000000 117133 93020 0 0 70.3473828895 69.9375923096
19 13 10000 101 1024000 2000000000 117472 93020 0 0 70.1443748297 69.735766821
16 245 10000 100 1024000 2000000000 119042 93020 0 0 69.2192671494 68.8160481175
79 221 10000 100 614400 2000000000 124486 60060 0 0 39.7153093521 39.4839580354
216 103 10000 101 614400 2000000000 124873 60060 0 0 39.5922257013 39.3615913768
191 68 10000 101 1024000 2000000000 131257 93020 0 0 62.7776042421 62.4119094601
44 206 10000 101 1024000 2000000000 134861 93020 0 0 61.0999473532 60.7440253298
194 64 10000 100 1024000 2000000000 136624 93020 0 0 60.3115118866 59.9601826912
165 22 10000 100 1024000 2000000000 155571 93020 0 0 52.9661697874 52.6576289926
64 174 10000 101 1024000 2000000000 155584 93020 0 0 52.9617441382 52.6532291238
210 123 10000 100 1024000 2000000000 161570 93020 0 0 50.9995667513 50.7024818964
172 241 10000 101 1024000 2000000000 161590 93020 0 0 50.9932545331 50.6962064484
213 4 10000 100 614400 2000000000 185217 60060 0 0 26.6930141402 26.5375208539
91 191 10000 100 1024000 2000000000 191948 93020 0 0 42.9282930794 42.6782253527
177 16 10000 100 2048000 2000000000 192489 175420 0 0 85.6152819122 85.1165521147
226 155 10000 100 2048000 2000000000 193295 175420 0 0 85.2582839701 84.7616337722
145 92 10000 100 2048000 2000000000 194919 175420 0 0 84.5479404265 84.0554281522
221 57 10000 100 2048000 2000000000 196512 175420 0 0 83.8625631005 83.3740433154
2 128 10000 100 2048000 2000000000 205430 175420 0 0 80.2219734216 79.7546609551
133 234 10000 102 2048000 2000000000 209162 175420 0 0 78.7906024995 78.331628116
33 148 10000 100 2048000 2000000000 222488 175420 0 0 74.0714105929 73.6399266477
6 225 10000 100 2048000 2000000000 234817 175420 2 0 70.1823121835 69.7734831805
199 33 10000 100 1024000 2000000000 248370 93020 0 0 33.1763095382 32.9830494826
151 250 10000 100 1024000 2000000000 260677 93020 1 0 31.6100001151 31.4258641921
124 253 10000 100 2048000 2000000000 264987 175420 1 0 62.1917301603 61.8294482371
211 40 10000 102 2048000 2000000000 306929 175420 1 0 53.6931994044 53.3804234856
200 111 10000 100 1024000 2000000000 325102 93020 2 0 25.3458914433 25.1982454737
134 4 10000 101 2048000 2000000000 441501 175420 1 0 37.3272087719 37.1097687208
187 159 10000 100 5120000 2000000000 468155 422620 0 0 88.0050410655 87.4923903408
37 111 10000 101 2048000 2000000000 495423 175420 0 0 33.2645032629 33.0707294575
236 52 10000 100 5120000 2000000000 505486 422620 2 0 81.5057192484 81.0309286508
38 187 10000 100 5120000 2000000000 508506 422620 2 0 81.0216595281 80.5496886959
212 5 10000 100 5120000 2000000000 546259 422620 3 0 75.4220983087 74.9827462797
72 188 10000 100 5120000 2000000000 556239 422620 5 0 74.0688804633 73.6374112567
173 221 10000 101 5120000 2000000000 556243 422620 2 0 74.0683478264 73.6368817226
251 140 10000 100 5120000 2000000000 563156 422620 5 0 73.1591246475 72.7329549894
30 249 10000 101 5120000 2000000000 575270 422620 3 0 71.6185443357 71.2013489318
174 19 10000 102 5120000 2000000000 604498 422620 2 0 68.1557259081 67.758702262
215 31 10000 100 5120000 2000000000 637547 422620 6 0 64.6226866411 64.2462438063
144 33 10000 101 5120000 2000000000 929487 422620 3 0 44.3255258008 44.0673188544
20 250 10000 101 5120000 2000000000 1074722 422620 4 0 38.3354951327 38.1121815688
54 189 10000 101 12288000 2000000000 1188751 999420 4 0 83.1797407531 82.695198574
192 14 10000 100 12288000 2000000000 1191492 999420 5 0 82.9883876686 82.5049601676
96 6 10000 100 12288000 2000000000 1203436 999420 6 0 82.1647349755 81.6861054514
113 30 10000 101 12288000 2000000000 1223607 999420 6 0 80.8102601571 80.3395207775
176 63 10000 100 12288000 2000000000 1224330 999420 7 0 80.7625395114 80.2920781162
140 102 10000 100 12288000 2000000000 1234609 999420 6 0 80.0901337994 79.6235893307
46 181 10000 101 12288000 2000000000 1285835 999420 10 0 76.8994466631 76.4514887213
107 22 10000 101 12288000 2000000000 1340443 999420 7 0 73.7666577393 73.3369490534
115 45 10000 101 12288000 2000000000 1390323 999420 14 0 71.1201641633 70.7058719449
201 103 10000 102 12288000 2000000000 1725928 999420 14 0 57.290918277 56.9571847725
129 250 10000 102 12288000 2000000000 1801274 999420 12 0 54.8944802401 54.5747065688
185 111 10000 102 12288000 2000000000 1806205 999420 8 0 54.7446164749 54.4257157964
152 201 10000 100 25600000 2000000000 2482210 2070620 10 0 82.9905608309 82.5071206707
175 89 10000 100 25600000 2000000000 2487363 2070620 13 0 82.8186316191 82.3361929883
83 217 10000 100 25600000 2000000000 2553657 2070620 16 0 80.6686254262 80.1987111033
45 1 10000 101 25600000 2000000000 2557682 2070620 15 0 80.5416779725 80.0725031493
207 156 10000 100 25600000 2000000000 2590916 2070620 16 0 79.508559907 79.0454032473
247 191 10000 101 25600000 2000000000 2629615 2070620 14 0 78.3384639957 77.8821234287
202 185 10000 100 25600000 2000000000 2701377 2070620 23 0 76.2574050197 75.8131871264
5 66 10000 100 25600000 2000000000 2710732 2070620 26 0 75.994233292 75.5515484378
59 130 10000 100 25600000 2000000000 2916030 2070620 19 0 70.6439920028 70.2324736028
241 33 10000 102 25600000 2000000000 3063297 2070620 19 0 67.2478052242 66.8560704365
184 4 10000 102 25600000 2000000000 3086868 2070620 17 0 66.734308043 66.345564501
198 117 10000 100 43008000 2000000000 4211782 3471420 23 0 82.1694950024 81.6908377499
240 24 10000 100 43008000 2000000000 4213062 3471420 22 0 82.1445305101 81.6660186819
114 244 10000 100 43008000 2000000000 4271836 3471420 24 0 81.0143460564 80.5424178269
94 132 10000 100 43008000 2000000000 4442014 3471420 37 0 77.9106054146 77.4567572277
25 255 10000 102 25600000 2000000000 4448964 2070620 20 0 46.3029145662 46.0331888503
239 46 10000 101 43008000 2000000000 4488568 3471420 38 0 77.1025413896 76.6534003718
26 123 10000 101 43008000 2000000000 4559323 3471420 22 0 75.9060062207 75.4638353106
220 141 10000 101 43008000 2000000000 4613440 3471420 29 0 75.0156065756 74.5786224596
179 254 10000 101 43008000 2000000000 4713038 3471420 31 0 73.4303436552 73.0025940805
224 55 10000 100 43008000 2000000000 4741136 3471420 36 0 72.9951640282 72.5699494805
102 247 10000 100 43008000 2000000000 4813434 3471420 34 0 71.8987733082 71.4799455025
43 220 10000 100 43008000 2000000000 4824606 3471420 38 0 71.7322823874 71.3144244318
52 255 10000 103 43008000 2000000000 6454219 3471420 36 0 53.6207401701 53.3083863439
68 213 10000 100 128000000 2000000000 12581391 10310620 75 0 81.8669414217 81.3900466173
29 184 10000 101 128000000 2000000000 12771923 10310620 87 0 80.6456474879 80.175867017
245 121 10000 100 128000000 2000000000 13067242 10310620 81 0 78.8230599847 78.3638965284
48 154 10000 100 128000000 2000000000 13213373 10310620 77 0 77.9513300654 77.4972446475
65 94 10000 100 128000000 2000000000 13628636 10310620 101 0 75.5761618404 75.135912354
